wavelength [nm] intensity [W*m^-2]
+280.0 +4.73e-23
+280.5 +1.23e-21
+281.0 +5.69e-21
+281.5 +1.57e-19
+282.0 +1.19e-18
+282.5 +4.54e-18
+283.0 +1.85e-17
+283.5 +3.54e-17
+284.0 +7.27e-16
+284.5 +2.49e-15
+285.0 +8.01e-15
+285.5 +4.26e-14
+286.0 +1.37e-13
+286.5 +8.38e-13
+287.0 +2.74e-12
+287.5 +1.09e-11
+288.0 +6.23e-11
+288.5 +1.72e-10
+289.0 +5.63e-10
+289.5 +2.07e-09
+290.0 +6.02e-09
+290.5 +1.38e-08
+291.0 +3.51e-08
+291.5 +1.09e-07
+292.0 +2.68e-07
+292.5 +4.27e-07
+293.0 +8.65e-07
+293.5 +2.27e-06
+294.0 +4.17e-06
+294.5 +6.59e-06
+295.0 +1.23e-05
+295.5 +2.78e-05
+296.0 +4.79e-05
+296.5 +7.13e-05
+297.0 +9.68e-05
+297.5 +0.0001861
+298.0 +0.0002899
+298.5 +0.0003579
+299.0 +0.0004921
+299.5 +0.0008607
+300.0 +0.00102
+300.5 +0.001245
+301.0 +0.00193
+301.5 +0.002691
+302.0 +0.002921
+302.5 +0.004284
+303.0 +0.007095
+303.5 +0.008979
+304.0 +0.00947
+304.5 +0.01195
+305.0 +0.01646
+305.5 +0.01872
+306.0 +0.01858
+306.5 +0.02111
+307.0 +0.02785
+307.5 +0.03564
+308.0 +0.03784
+308.5 +0.04143
+309.0 +0.04053
+309.5 +0.04331
+310.0 +0.05094
+310.5 +0.06554
+311.0 +0.08292
+311.5 +0.08408
+312.0 +0.09338
+312.5 +0.09898
+313.0 +0.1073
+313.5 +0.1076
+314.0 +0.1197
+314.5 +0.1306
+315.0 +0.1363
+315.5 +0.1184
+316.0 +0.1235
+316.5 +0.1504
+317.0 +0.1716
+317.5 +0.1825
+318.0 +0.1759
+318.5 +0.1859
+319.0 +0.2047
+319.5 +0.1959
+320.0 +0.2053
+320.5 +0.2452
+321.0 +0.2502
+321.5 +0.2384
+322.0 +0.222
+322.5 +0.2171
+323.0 +0.2123
+323.5 +0.2486
+324.0 +0.2754
+324.5 +0.2832
+325.0 +0.2789
+325.5 +0.3244
+326.0 +0.3812
+326.5 +0.4072
+327.0 +0.3981
+327.5 +0.3846
+328.0 +0.3512
+328.5 +0.3716
+329.0 +0.4224
+329.5 +0.4688
+330.0 +0.4714
+330.5 +0.428
+331.0 +0.4026
+331.5 +0.4181
+332.0 +0.4362
+332.5 +0.4392
+333.0 +0.4294
+333.5 +0.4072
+334.0 +0.415
+334.5 +0.4451
+335.0 +0.4639
+335.5 +0.4531
+336.0 +0.4152
+336.5 +0.3821
+337.0 +0.3738
+337.5 +0.4005
+338.0 +0.4341
+338.5 +0.4553
+339.0 +0.4636
+339.5 +0.4745
+340.0 +0.5018
+340.5 +0.5007
+341.0 +0.4714
+341.5 +0.4693
+342.0 +0.4893
+342.5 +0.5077
+343.0 +0.5149
+343.5 +0.4861
+344.0 +0.4184
+344.5 +0.4031
+345.0 +0.459
+345.5 +0.4893
+346.0 +0.4778
+346.5 +0.4866
+347.0 +0.494
+347.5 +0.4767
+348.0 +0.4751
+348.5 +0.4834
+349.0 +0.4656
+349.5 +0.478
+350.0 +0.528
+350.5 +0.5674
+351.0 +0.5517
+351.5 +0.5302
+352.0 +0.5179
+352.5 +0.4896
+353.0 +0.5204
+353.5 +0.5723
+354.0 +0.605
+354.5 +0.6116
+355.0 +0.6114
+355.5 +0.5903
+356.0 +0.5539
+356.5 +0.5194
+357.0 +0.4567
+357.5 +0.4622
+358.0 +0.4301
+358.5 +0.3993
+359.0 +0.4695
+359.5 +0.5655
+360.0 +0.5982
+360.5 +0.5653
+361.0 +0.5202
+361.5 +0.5096
+362.0 +0.5342
+362.5 +0.5851
+363.0 +0.6019
+363.5 +0.5854
+364.0 +0.6063
+364.5 +0.6006
+365.0 +0.6236
+365.5 +0.6863
+366.0 +0.7353
+366.5 +0.7366
+367.0 +0.7228
+367.5 +0.7091
+368.0 +0.6676
+368.5 +0.6631
+369.0 +0.6932
+369.5 +0.7447
+370.0 +0.7551
+370.5 +0.6826
+371.0 +0.6934
+371.5 +0.7205
+372.0 +0.6744
+372.5 +0.6425
+373.0 +0.6189
+373.5 +0.5579
+374.0 +0.5564
+374.5 +0.5523
+375.0 +0.5893
+375.5 +0.6516
+376.0 +0.6748
+376.5 +0.6639
+377.0 +0.7123
+377.5 +0.7945
+378.0 +0.8559
+378.5 +0.8342
+379.0 +0.7439
+379.5 +0.6668
+380.0 +0.7008
+380.5 +0.7508
+381.0 +0.7638
+381.5 +0.6884
+382.0 +0.5868
+382.5 +0.5076
+383.0 +0.455
+383.5 +0.4405
+384.0 +0.5097
+384.5 +0.6136
+385.0 +0.6735
+385.5 +0.6436
+386.0 +0.621
+386.5 +0.6457
+387.0 +0.6515
+387.5 +0.642
+388.0 +0.6358
+388.5 +0.6314
+389.0 +0.6854
+389.5 +0.7597
+390.0 +0.797
+390.5 +0.8037
+391.0 +0.8514
+391.5 +0.8634
+392.0 +0.7949
+392.5 +0.6626
+393.0 +0.4798
+393.5 +0.3815
+394.0 +0.4957
+394.5 +0.6838
+395.0 +0.8077
+395.5 +0.8604
+396.0 +0.7565
+396.5 +0.5502
+397.0 +0.4262
+397.5 +0.6294
+398.0 +0.8525
+398.5 +1.007
+399.0 +1.069
+399.5 +1.102
+400.0 +1.114
+401.0 +1.16
+402.0 +1.206
+403.0 +1.161
+404.0 +1.18
+405.0 +1.151
+406.0 +1.123
+407.0 +1.103
+408.0 +1.151
+409.0 +1.23
+410.0 +1.048
+411.0 +1.174
+412.0 +1.248
+413.0 +1.197
+414.0 +1.184
+415.0 +1.226
+416.0 +1.262
+417.0 +1.231
+418.0 +1.178
+419.0 +1.226
+420.0 +1.123
+421.0 +1.276
+422.0 +1.258
+423.0 +1.218
+424.0 +1.212
+425.0 +1.249
+426.0 +1.214
+427.0 +1.172
+428.0 +1.184
+429.0 +1.096
+430.0 +0.8746
+431.0 +0.7939
+432.0 +1.321
+433.0 +1.229
+434.0 +1.135
+435.0 +1.245
+436.0 +1.366
+437.0 +1.394
+438.0 +1.224
+439.0 +1.177
+440.0 +1.35
+441.0 +1.331
+442.0 +1.425
+443.0 +1.445
+444.0 +1.408
+445.0 +1.462
+446.0 +1.311
+447.0 +1.49
+448.0 +1.508
+449.0 +1.504
+450.0 +1.56
+451.0 +1.617
+452.0 +1.548
+453.0 +1.43
+454.0 +1.534
+455.0 +1.522
+456.0 +1.572
+457.0 +1.585
+458.0 +1.551
+459.0 +1.539
+460.0 +1.529
+461.0 +1.583
+462.0 +1.597
+463.0 +1.603
+464.0 +1.554
+465.0 +1.535
+466.0 +1.567
+467.0 +1.497
+468.0 +1.562
+469.0 +1.568
+470.0 +1.508
+471.0 +1.533
+472.0 +1.613
+473.0 +1.55
+474.0 +1.567
+475.0 +1.619
+476.0 +1.563
+477.0 +1.572
+478.0 +1.623
+479.0 +1.592
+480.0 +1.618
+481.0 +1.618
+482.0 +1.624
+483.0 +1.604
+484.0 +1.573
+485.0 +1.568
+486.0 +1.272
+487.0 +1.424
+488.0 +1.541
+489.0 +1.452
+490.0 +1.622
+491.0 +1.56
+492.0 +1.487
+493.0 +1.59
+494.0 +1.552
+495.0 +1.649
+496.0 +1.568
+497.0 +1.594
+498.0 +1.551
+499.0 +1.551
+500.0 +1.545
+501.0 +1.498
+502.0 +1.497
+503.0 +1.565
+504.0 +1.459
+505.0 +1.563
+506.0 +1.626
+507.0 +1.556
+508.0 +1.516
+509.0 +1.589
+510.0 +1.548
+511.0 +1.577
+512.0 +1.619
+513.0 +1.521
+514.0 +1.488
+515.0 +1.531
+516.0 +1.546
+517.0 +1.259
+518.0 +1.44
+519.0 +1.396
+520.0 +1.524
+521.0 +1.535
+522.0 +1.569
+523.0 +1.479
+524.0 +1.591
+525.0 +1.578
+526.0 +1.534
+527.0 +1.342
+528.0 +1.536
+529.0 +1.607
+530.0 +1.545
+531.0 +1.629
+532.0 +1.6
+533.0 +1.429
+534.0 +1.53
+535.0 +1.554
+536.0 +1.62
+537.0 +1.499
+538.0 +1.574
+539.0 +1.535
+540.0 +1.482
+541.0 +1.425
+542.0 +1.551
+543.0 +1.526
+544.0 +1.579
+545.0 +1.544
+546.0 +1.529
+547.0 +1.549
+548.0 +1.505
+549.0 +1.552
+550.0 +1.54
+551.0 +1.538
+552.0 +1.57
+553.0 +1.525
+554.0 +1.555
+555.0 +1.563
+556.0 +1.537
+557.0 +1.499
+558.0 +1.531
+559.0 +1.448
+560.0 +1.474
+561.0 +1.56
+562.0 +1.485
+563.0 +1.541
+564.0 +1.511
+565.0 +1.52
+566.0 +1.437
+567.0 +1.532
+568.0 +1.518
+569.0 +1.481
+570.0 +1.482
+571.0 +1.433
+572.0 +1.513
+573.0 +1.52
+574.0 +1.512
+575.0 +1.478
+576.0 +1.465
+577.0 +1.502
+578.0 +1.456
+579.0 +1.477
+580.0 +1.502
+581.0 +1.509
+582.0 +1.532
+583.0 +1.548
+584.0 +1.545
+585.0 +1.532
+586.0 +1.495
+587.0 +1.528
+588.0 +1.493
+589.0 +1.289
+590.0 +1.371
+591.0 +1.466
+592.0 +1.435
+593.0 +1.456
+594.0 +1.449
+595.0 +1.431
+596.0 +1.474
+597.0 +1.479
+598.0 +1.461
+599.0 +1.461
+600.0 +1.475
+601.0 +1.458
+602.0 +1.436
+603.0 +1.466
+604.0 +1.492
+605.0 +1.49
+606.0 +1.482
+607.0 +1.491
+608.0 +1.486
+609.0 +1.475
+610.0 +1.469
+611.0 +1.461
+612.0 +1.483
+613.0 +1.462
+614.0 +1.418
+615.0 +1.47
+616.0 +1.431
+617.0 +1.413
+618.0 +1.466
+619.0 +1.473
+620.0 +1.474
+621.0 +1.48
+622.0 +1.427
+623.0 +1.417
+624.0 +1.412
+625.0 +1.403
+626.0 +1.401
+627.0 +1.442
+628.0 +1.363
+629.0 +1.411
+630.0 +1.392
+631.0 +1.416
+632.0 +1.364
+633.0 +1.451
+634.0 +1.428
+635.0 +1.446
+636.0 +1.413
+637.0 +1.461
+638.0 +1.471
+639.0 +1.465
+640.0 +1.434
+641.0 +1.435
+642.0 +1.438
+643.0 +1.452
+644.0 +1.446
+645.0 +1.457
+646.0 +1.415
+647.0 +1.409
+648.0 +1.395
+649.0 +1.352
+650.0 +1.359
+651.0 +1.445
+652.0 +1.387
+653.0 +1.431
+654.0 +1.415
+655.0 +1.35
+656.0 +1.185
+657.0 +1.239
+658.0 +1.385
+659.0 +1.391
+660.0 +1.399
+661.0 +1.393
+662.0 +1.382
+663.0 +1.384
+664.0 +1.397
+665.0 +1.421
+666.0 +1.42
+667.0 +1.41
+668.0 +1.415
+669.0 +1.439
+670.0 +1.42
+671.0 +1.417
+672.0 +1.397
+673.0 +1.409
+674.0 +1.407
+675.0 +1.396
+676.0 +1.412
+677.0 +1.399
+678.0 +1.407
+679.0 +1.395
+680.0 +1.397
+681.0 +1.391
+682.0 +1.398
+683.0 +1.383
+684.0 +1.374
+685.0 +1.375
+686.0 +1.344
+687.0 +0.9682
+688.0 +1.121
+689.0 +1.128
+690.0 +1.182
+691.0 +1.233
+692.0 +1.269
+693.0 +1.261
+694.0 +1.246
+695.0 +1.271
+696.0 +1.268
+697.0 +1.34
+698.0 +1.319
+699.0 +1.292
+700.0 +1.282
+701.0 +1.266
+702.0 +1.267
+703.0 +1.275
+704.0 +1.308
+705.0 +1.321
+706.0 +1.314
+707.0 +1.309
+708.0 +1.305
+709.0 +1.31
+710.0 +1.317
+711.0 +1.315
+712.0 +1.307
+713.0 +1.292
+714.0 +1.303
+715.0 +1.259
+716.0 +1.272
+717.0 +1.107
+718.0 +1.03
+719.0 +0.9232
+720.0 +0.9855
+721.0 +1.086
+722.0 +1.241
+723.0 +1.144
+724.0 +1.056
+725.0 +1.038
+726.0 +1.081
+727.0 +1.085
+728.0 +1.04
+729.0 +1.047
+730.0 +1.129
+731.0 +1.07
+732.0 +1.153
+733.0 +1.196
+734.0 +1.236
+735.0 +1.218
+736.0 +1.206
+737.0 +1.204
+738.0 +1.227
+739.0 +1.19
+740.0 +1.22
+741.0 +1.215
+742.0 +1.215
+743.0 +1.24
+744.0 +1.25
+745.0 +1.25
+746.0 +1.247
+747.0 +1.248
+748.0 +1.24
+749.0 +1.236
+750.0 +1.234
+751.0 +1.229
+752.0 +1.233
+753.0 +1.227
+754.0 +1.242
+755.0 +1.238
+756.0 +1.223
+757.0 +1.222
+758.0 +1.23
+759.0 +1.194
+760.0 +0.266
+761.0 +0.154
+762.0 +0.6877
+763.0 +0.3795
+764.0 +0.5388
+765.0 +0.686
+766.0 +0.8146
+767.0 +0.9742
+768.0 +1.114
+769.0 +1.128
+770.0 +1.161
+771.0 +1.169
+772.0 +1.178
+773.0 +1.177
+774.0 +1.177
+775.0 +1.177
+776.0 +1.18
+777.0 +1.173
+778.0 +1.171
+779.0 +1.177
+780.0 +1.164
+781.0 +1.161
+782.0 +1.166
+783.0 +1.161
+784.0 +1.154
+785.0 +1.159
+786.0 +1.159
+787.0 +1.145
+788.0 +1.131
+789.0 +1.126
+790.0 +1.091
+791.0 +1.106
+792.0 +1.095
+793.0 +1.087
+794.0 +1.097
+795.0 +1.093
+796.0 +1.074
+797.0 +1.091
+798.0 +1.112
+799.0 +1.091
+800.0 +1.073
+801.0 +1.084
+802.0 +1.086
+803.0 +1.066
+804.0 +1.078
+805.0 +1.054
+806.0 +1.097
+807.0 +1.086
+808.0 +1.082
+809.0 +1.055
+810.0 +1.056
+811.0 +1.053
+812.0 +1.027
+813.0 +1.009
+814.0 +0.9036
+815.0 +0.8952
+816.0 +0.8322
+817.0 +0.8518
+818.0 +0.8226
+819.0 +0.9052
+820.0 +0.8619
+821.0 +0.9976
+822.0 +0.9516
+823.0 +0.6727
+824.0 +0.9351
+825.0 +0.9694
+826.0 +0.9338
+827.0 +0.9847
+828.0 +0.8498
+829.0 +0.9293
+830.0 +0.916
+831.0 +0.9239
+832.0 +0.8943
+833.0 +0.9565
+834.0 +0.9341
+835.0 +1.003
+836.0 +0.9723
+837.0 +1.009
+838.0 +0.999
+839.0 +1.001
+840.0 +1.016
+841.0 +1.01
+842.0 +0.997
+843.0 +1.005
+844.0 +0.9863
+845.0 +1.016
+846.0 +1.019
+847.0 +0.9917
+848.0 +0.9922
+849.0 +0.986
+850.0 +0.8937
+851.0 +0.9749
+852.0 +0.9693
+853.0 +0.9649
+854.0 +0.8511
+855.0 +0.913
+856.0 +0.9732
+857.0 +0.9917
+858.0 +0.992
+859.0 +0.9917
+860.0 +0.9882
+861.0 +0.9868
+862.0 +0.9945
+863.0 +1.0
+864.0 +0.9792
+865.0 +0.9632
+866.0 +0.849
+867.0 +0.9155
+868.0 +0.9592
+869.0 +0.9496
+870.0 +0.9676
+871.0 +0.9539
+872.0 +0.9669
+873.0 +0.9572
+874.0 +0.9404
+875.0 +0.9269
+876.0 +0.9528
+877.0 +0.9562
+878.0 +0.9524
+879.0 +0.9366
+880.0 +0.9396
+881.0 +0.9086
+882.0 +0.9325
+883.0 +0.9293
+884.0 +0.9331
+885.0 +0.9442
+886.0 +0.9075
+887.0 +0.9106
+888.0 +0.9223
+889.0 +0.9345
+890.0 +0.9239
+891.0 +0.9258
+892.0 +0.9088
+893.0 +0.8733
+894.0 +0.8513
+895.0 +0.8136
+896.0 +0.7625
+897.0 +0.6657
+898.0 +0.7178
+899.0 +0.5487
+900.0 +0.7426
+901.0 +0.5993
+902.0 +0.6679
+903.0 +0.6889
+904.0 +0.8446
+905.0 +0.8171
+906.0 +0.7756
+907.0 +0.6385
+908.0 +0.6522
+909.0 +0.7043
+910.0 +0.6247
+911.0 +0.6681
+912.0 +0.6889
+913.0 +0.6283
+914.0 +0.6265
+915.0 +0.6784
+916.0 +0.5765
+917.0 +0.7302
+918.0 +0.5927
+919.0 +0.7388
+920.0 +0.7441
+921.0 +0.7805
+922.0 +0.7003
+923.0 +0.745
+924.0 +0.7215
+925.0 +0.7111
+926.0 +0.7033
+927.0 +0.7874
+928.0 +0.5897
+929.0 +0.5513
+930.0 +0.4321
+931.0 +0.4092
+932.0 +0.3009
+933.0 +0.2484
+934.0 +0.1438
+935.0 +0.2508
+936.0 +0.1614
+937.0 +0.1634
+938.0 +0.2006
+939.0 +0.3989
+940.0 +0.4718
+941.0 +0.372
+942.0 +0.4053
+943.0 +0.2783
+944.0 +0.2858
+945.0 +0.3682
+946.0 +0.1946
+947.0 +0.3711
+948.0 +0.2742
+949.0 +0.494
+950.0 +0.1473
+951.0 +0.4838
+952.0 +0.2689
+953.0 +0.3436
+954.0 +0.4241
+955.0 +0.3412
+956.0 +0.3282
+957.0 +0.2707
+958.0 +0.461
+959.0 +0.3739
+960.0 +0.4207
+961.0 +0.4612
+962.0 +0.4417
+963.0 +0.505
+964.0 +0.4586
+965.0 +0.5037
+966.0 +0.5028
+967.0 +0.5024
+968.0 +0.6521
+969.0 +0.6862
+970.0 +0.6346
+971.0 +0.714
+972.0 +0.6876
+973.0 +0.6065
+974.0 +0.5753
+975.0 +0.5899
+976.0 +0.5719
+977.0 +0.6386
+978.0 +0.6151
+979.0 +0.6381
+980.0 +0.6047
+981.0 +0.7134
+982.0 +0.6922
+983.0 +0.6686
+984.0 +0.7373
+985.0 +0.6882
+986.0 +0.7508
+987.0 +0.7393
+988.0 +0.7346
+989.0 +0.7491
+990.0 +0.7323
+991.0 +0.7536
+992.0 +0.751
+993.0 +0.7373
+994.0 +0.7541
+995.0 +0.7518
+996.0 +0.7488
+997.0 +0.7397
+998.0 +0.7389
+999.0 +0.7386
+1000.0 +0.7353
+1001.0 +0.7444
+1002.0 +0.728
+1003.0 +0.7344
+1004.0 +0.7234
+1005.0 +0.6817
+1006.0 +0.7125
+1007.0 +0.7275
+1008.0 +0.7268
+1009.0 +0.7197
+1010.0 +0.7191
+1011.0 +0.7228
+1012.0 +0.7188
+1013.0 +0.7176
+1014.0 +0.7207
+1015.0 +0.7082
+1016.0 +0.7113
+1017.0 +0.7034
+1018.0 +0.7142
+1019.0 +0.6888
+1020.0 +0.699
+1021.0 +0.7017
+1022.0 +0.6897
+1023.0 +0.6951
+1024.0 +0.6906
+1025.0 +0.6975
+1026.0 +0.6964
+1027.0 +0.6931
+1028.0 +0.6938
+1029.0 +0.6863
+1030.0 +0.6905
+1031.0 +0.6874
+1032.0 +0.6879
+1033.0 +0.6761
+1034.0 +0.6802
+1035.0 +0.6823
+1036.0 +0.682
+1037.0 +0.675
+1038.0 +0.6717
+1039.0 +0.6764
+1040.0 +0.6717
+1041.0 +0.6718
+1042.0 +0.672
+1043.0 +0.6653
+1044.0 +0.6683
+1045.0 +0.6645
+1046.0 +0.6471
+1047.0 +0.6569
+1048.0 +0.6627
+1049.0 +0.659
+1050.0 +0.6546
+1051.0 +0.6552
+1052.0 +0.6512
+1053.0 +0.6492
+1054.0 +0.6465
+1055.0 +0.6485
+1056.0 +0.6464
+1057.0 +0.6448
+1058.0 +0.6382
+1059.0 +0.6188
+1060.0 +0.6359
+1061.0 +0.6212
+1062.0 +0.6327
+1063.0 +0.6224
+1064.0 +0.632
+1065.0 +0.6291
+1066.0 +0.6171
+1067.0 +0.6203
+1068.0 +0.6194
+1069.0 +0.5863
+1070.0 +0.6047
+1071.0 +0.6166
+1072.0 +0.6154
+1073.0 +0.6036
+1074.0 +0.6216
+1075.0 +0.5925
+1076.0 +0.6147
+1077.0 +0.6043
+1078.0 +0.6032
+1079.0 +0.6047
+1080.0 +0.5972
+1081.0 +0.5808
+1082.0 +0.5894
+1083.0 +0.5981
+1084.0 +0.5785
+1085.0 +0.5933
+1086.0 +0.5541
+1087.0 +0.567
+1088.0 +0.5932
+1089.0 +0.5792
+1090.0 +0.5557
+1091.0 +0.5884
+1092.0 +0.5812
+1093.0 +0.5106
+1094.0 +0.5396
+1095.0 +0.5207
+1096.0 +0.5032
+1097.0 +0.5785
+1098.0 +0.5029
+1099.0 +0.5077
+1100.0 +0.4858
+1101.0 +0.497
+1102.0 +0.4688
+1103.0 +0.4664
+1104.0 +0.4677
+1105.0 +0.5064
+1106.0 +0.3979
+1107.0 +0.483
+1108.0 +0.4157
+1109.0 +0.4128
+1110.0 +0.479
+1111.0 +0.3315
+1112.0 +0.4136
+1113.0 +0.2685
+1114.0 +0.2999
+1115.0 +0.2499
+1116.0 +0.2014
+1117.0 +0.07962
+1118.0 +0.2175
+1119.0 +0.1132
+1120.0 +0.1419
+1121.0 +0.1859
+1122.0 +0.08169
+1123.0 +0.1282
+1124.0 +0.1087
+1125.0 +0.1443
+1126.0 +0.05159
+1127.0 +0.1573
+1128.0 +0.09922
+1129.0 +0.1059
+1130.0 +0.07057
+1131.0 +0.2956
+1132.0 +0.2341
+1133.0 +0.1533
+1134.0 +0.04174
+1135.0 +0.01546
+1136.0 +0.1288
+1137.0 +0.2878
+1138.0 +0.2033
+1139.0 +0.2985
+1140.0 +0.256
+1141.0 +0.1934
+1142.0 +0.2248
+1143.0 +0.3118
+1144.0 +0.1133
+1145.0 +0.146
+1146.0 +0.1576
+1147.0 +0.05918
+1148.0 +0.2711
+1149.0 +0.2185
+1150.0 +0.1216
+1151.0 +0.2034
+1152.0 +0.2476
+1153.0 +0.2381
+1154.0 +0.1425
+1155.0 +0.3132
+1156.0 +0.2809
+1157.0 +0.3146
+1158.0 +0.3117
+1159.0 +0.3369
+1160.0 +0.2865
+1161.0 +0.3475
+1162.0 +0.35
+1163.0 +0.4686
+1164.0 +0.4019
+1165.0 +0.3886
+1166.0 +0.3749
+1167.0 +0.41
+1168.0 +0.4195
+1169.0 +0.4231
+1170.0 +0.4587
+1171.0 +0.4483
+1172.0 +0.4548
+1173.0 +0.4564
+1174.0 +0.3369
+1175.0 +0.4524
+1176.0 +0.4768
+1177.0 +0.4723
+1178.0 +0.36
+1179.0 +0.4837
+1180.0 +0.4407
+1181.0 +0.4551
+1182.0 +0.3232
+1183.0 +0.4387
+1184.0 +0.4199
+1185.0 +0.4074
+1186.0 +0.4772
+1187.0 +0.4557
+1188.0 +0.335
+1189.0 +0.4157
+1190.0 +0.4624
+1191.0 +0.4466
+1192.0 +0.4734
+1193.0 +0.4543
+1194.0 +0.4689
+1195.0 +0.447
+1196.0 +0.4313
+1197.0 +0.4772
+1198.0 +0.4339
+1199.0 +0.3649
+1200.0 +0.4482
+1201.0 +0.4371
+1202.0 +0.4372
+1203.0 +0.4341
+1204.0 +0.3625
+1205.0 +0.4369
+1206.0 +0.4809
+1207.0 +0.4299
+1208.0 +0.4335
+1209.0 +0.4143
+1210.0 +0.4534
+1211.0 +0.4223
+1212.0 +0.4249
+1213.0 +0.4696
+1214.0 +0.4341
+1215.0 +0.4278
+1216.0 +0.4664
+1217.0 +0.4553
+1218.0 +0.4593
+1219.0 +0.4466
+1220.0 +0.4581
+1221.0 +0.4653
+1222.0 +0.4514
+1223.0 +0.4441
+1224.0 +0.4481
+1225.0 +0.4624
+1226.0 +0.4682
+1227.0 +0.433
+1228.0 +0.4666
+1229.0 +0.4672
+1230.0 +0.46
+1231.0 +0.472
+1232.0 +0.4663
+1233.0 +0.454
+1234.0 +0.4702
+1235.0 +0.465
+1236.0 +0.4691
+1237.0 +0.4634
+1238.0 +0.468
+1239.0 +0.4627
+1240.0 +0.4608
+1241.0 +0.462
+1242.0 +0.4625
+1243.0 +0.4575
+1244.0 +0.4553
+1245.0 +0.4566
+1246.0 +0.4595
+1247.0 +0.4575
+1248.0 +0.4586
+1249.0 +0.4597
+1250.0 +0.4571
+1251.0 +0.4526
+1252.0 +0.451
+1253.0 +0.4477
+1254.0 +0.4436
+1255.0 +0.4507
+1256.0 +0.4402
+1257.0 +0.4353
+1258.0 +0.445
+1259.0 +0.4273
+1260.0 +0.4311
+1261.0 +0.4115
+1262.0 +0.3957
+1263.0 +0.4002
+1264.0 +0.3715
+1265.0 +0.3957
+1266.0 +0.3853
+1267.0 +0.3882
+1268.0 +0.3705
+1269.0 +0.2465
+1270.0 +0.3874
+1271.0 +0.4083
+1272.0 +0.4088
+1273.0 +0.4062
+1274.0 +0.4061
+1275.0 +0.4123
+1276.0 +0.4169
+1277.0 +0.42
+1278.0 +0.4276
+1279.0 +0.4246
+1280.0 +0.422
+1281.0 +0.4133
+1282.0 +0.373
+1283.0 +0.4073
+1284.0 +0.4208
+1285.0 +0.424
+1286.0 +0.4271
+1287.0 +0.4221
+1288.0 +0.4199
+1289.0 +0.4094
+1290.0 +0.4128
+1291.0 +0.4179
+1292.0 +0.3962
+1293.0 +0.4126
+1294.0 +0.4042
+1295.0 +0.4051
+1296.0 +0.3896
+1297.0 +0.3713
+1298.0 +0.3918
+1299.0 +0.4085
+1300.0 +0.3531
+1301.0 +0.3623
+1302.0 +0.3918
+1303.0 +0.3462
+1304.0 +0.3006
+1305.0 +0.3838
+1306.0 +0.3845
+1307.0 +0.3059
+1308.0 +0.347
+1309.0 +0.3841
+1310.0 +0.3011
+1311.0 +0.3337
+1312.0 +0.3334
+1313.0 +0.3135
+1314.0 +0.2883
+1315.0 +0.2858
+1316.0 +0.3242
+1317.0 +0.3122
+1318.0 +0.3333
+1319.0 +0.2686
+1320.0 +0.2587
+1321.0 +0.2987
+1322.0 +0.3022
+1323.0 +0.2328
+1324.0 +0.2625
+1325.0 +0.3222
+1326.0 +0.2805
+1327.0 +0.2662
+1328.0 +0.2345
+1329.0 +0.1776
+1330.0 +0.2292
+1331.0 +0.1448
+1332.0 +0.1458
+1333.0 +0.203
+1334.0 +0.1693
+1335.0 +0.2312
+1336.0 +0.1835
+1337.0 +0.1645
+1338.0 +0.178
+1339.0 +0.1768
+1340.0 +0.1683
+1341.0 +0.1704
+1342.0 +0.178
+1343.0 +0.1271
+1344.0 +0.07565
+1345.0 +0.109
+1346.0 +0.05819
+1347.0 +0.06012
+1348.0 +0.004745
+1349.0 +0.01616
+1350.0 +0.01603
+1351.0 +0.00463
+1352.0 +0.001516
+1353.0 +9.61e-05
+1354.0 +0.0002901
+1355.0 +3.6e-06
+1356.0 +4.81e-05
+1357.0 +7.18e-05
+1358.0 +4.19e-06
+1359.0 +7.34e-07
+1360.0 +2.14e-06
+1361.0 +4.81e-09
+1362.0 +1.81e-11
+1363.0 +3.16e-06
+1364.0 +1.36e-06
+1365.0 +9.08e-12
+1366.0 +1.28e-05
+1367.0 +4.98e-06
+1368.0 +1.48e-13
+1369.0 +5.17e-07
+1370.0 +2.92e-07
+1371.0 +1.97e-08
+1372.0 +2.75e-06
+1373.0 +4.44e-05
+1374.0 +0.0001792
+1375.0 +0.0003233
+1376.0 +0.0002575
+1377.0 +0.0001227
+1378.0 +0.001109
+1379.0 +5.22e-05
+1380.0 +8.16e-05
+1381.0 +2.37e-06
+1382.0 +2.57e-06
+1383.0 +4.4e-08
+1384.0 +6.17e-07
+1385.0 +2.09e-06
+1386.0 +2.52e-06
+1387.0 +0.000199
+1388.0 +4.03e-06
+1389.0 +0.000581
+1390.0 +0.0004933
+1391.0 +0.0003438
+1392.0 +2.38e-05
+1393.0 +0.0001159
+1394.0 +7.55e-05
+1395.0 +6.71e-07
+1396.0 +6.32e-09
+1397.0 +4.91e-05
+1398.0 +0.00127
+1399.0 +0.0008123
+1400.0 +3.25e-09
+1401.0 +1.05e-08
+1402.0 +0.001835
+1403.0 +0.00238
+1404.0 +0.0007389
+1405.0 +3.64e-07
+1406.0 +0.002045
+1407.0 +0.0001746
+1408.0 +0.001649
+1409.0 +0.0006192
+1410.0 +0.0004665
+1411.0 +0.002114
+1412.0 +0.00264
+1413.0 +0.02335
+1414.0 +0.0003638
+1415.0 +0.0001837
+1416.0 +0.03556
+1417.0 +0.01176
+1418.0 +0.01356
+1419.0 +0.002144
+1420.0 +0.008272
+1421.0 +0.009164
+1422.0 +0.04631
+1423.0 +0.00922
+1424.0 +0.01698
+1425.0 +0.02585
+1426.0 +0.02779
+1427.0 +0.04955
+1428.0 +0.004559
+1429.0 +0.03802
+1430.0 +0.0616
+1431.0 +0.05016
+1432.0 +0.002519
+1433.0 +0.03583
+1434.0 +0.02096
+1435.0 +0.02142
+1436.0 +0.03835
+1437.0 +0.02988
+1438.0 +0.01326
+1439.0 +0.05104
+1440.0 +0.0396
+1441.0 +0.0318
+1442.0 +0.03632
+1443.0 +0.04506
+1444.0 +0.06179
+1445.0 +0.04975
+1446.0 +0.0231
+1447.0 +0.03621
+1448.0 +0.1157
+1449.0 +0.1021
+1450.0 +0.02741
+1451.0 +0.01127
+1452.0 +0.06236
+1453.0 +0.08198
+1454.0 +0.1376
+1455.0 +0.06615
+1456.0 +0.08851
+1457.0 +0.117
+1458.0 +0.1364
+1459.0 +0.1631
+1460.0 +0.08542
+1461.0 +0.09028
+1462.0 +0.1306
+1463.0 +0.04322
+1464.0 +0.1518
+1465.0 +0.09338
+1466.0 +0.0652
+1467.0 +0.03605
+1468.0 +0.07694
+1469.0 +0.09484
+1470.0 +0.04968
+1471.0 +0.01785
+1472.0 +0.04677
+1473.0 +0.0702
+1474.0 +0.09734
+1475.0 +0.1846
+1476.0 +0.06878
+1477.0 +0.06974
+1478.0 +0.06348
+1479.0 +0.12
+1480.0 +0.06064
+1481.0 +0.1153
+1482.0 +0.05849
+1483.0 +0.1486
+1484.0 +0.1375
+1485.0 +0.125
+1486.0 +0.1234
+1487.0 +0.06063
+1488.0 +0.09418
+1489.0 +0.1897
+1490.0 +0.1748
+1491.0 +0.1978
+1492.0 +0.1644
+1493.0 +0.1816
+1494.0 +0.2037
+1495.0 +0.1825
+1496.0 +0.1685
+1497.0 +0.2285
+1498.0 +0.1897
+1499.0 +0.2176
+1500.0 +0.2506
+1501.0 +0.2655
+1502.0 +0.2336
+1503.0 +0.1849
+1504.0 +0.1603
+1505.0 +0.184
+1506.0 +0.2577
+1507.0 +0.2551
+1508.0 +0.243
+1509.0 +0.1869
+1510.0 +0.2705
+1511.0 +0.2647
+1512.0 +0.2607
+1513.0 +0.2424
+1514.0 +0.2257
+1515.0 +0.2657
+1516.0 +0.2568
+1517.0 +0.2493
+1518.0 +0.2521
+1519.0 +0.2444
+1520.0 +0.2645
+1521.0 +0.2751
+1522.0 +0.2638
+1523.0 +0.28
+1524.0 +0.2754
+1525.0 +0.2588
+1526.0 +0.2675
+1527.0 +0.2622
+1528.0 +0.2793
+1529.0 +0.2724
+1530.0 +0.2552
+1531.0 +0.2697
+1532.0 +0.2784
+1533.0 +0.2771
+1534.0 +0.2689
+1535.0 +0.2669
+1536.0 +0.2746
+1537.0 +0.2734
+1538.0 +0.272
+1539.0 +0.273
+1540.0 +0.2649
+1541.0 +0.269
+1542.0 +0.2693
+1543.0 +0.2721
+1544.0 +0.2721
+1545.0 +0.2771
+1546.0 +0.2748
+1547.0 +0.2731
+1548.0 +0.2667
+1549.0 +0.2734
+1550.0 +0.2699
+1551.0 +0.2706
+1552.0 +0.2718
+1553.0 +0.2713
+1554.0 +0.2647
+1555.0 +0.2676
+1556.0 +0.2631
+1557.0 +0.2706
+1558.0 +0.2685
+1559.0 +0.2681
+1560.0 +0.2657
+1561.0 +0.27
+1562.0 +0.2676
+1563.0 +0.2667
+1564.0 +0.2626
+1565.0 +0.2673
+1566.0 +0.2625
+1567.0 +0.2631
+1568.0 +0.2572
+1569.0 +0.2545
+1570.0 +0.2417
+1571.0 +0.2351
+1572.0 +0.2377
+1573.0 +0.2341
+1574.0 +0.2414
+1575.0 +0.2397
+1576.0 +0.2468
+1577.0 +0.216
+1578.0 +0.2352
+1579.0 +0.2367
+1580.0 +0.2446
+1581.0 +0.2487
+1582.0 +0.2419
+1583.0 +0.2475
+1584.0 +0.249
+1585.0 +0.2587
+1586.0 +0.2557
+1587.0 +0.253
+1588.0 +0.2511
+1589.0 +0.2323
+1590.0 +0.2418
+1591.0 +0.242
+1592.0 +0.2522
+1593.0 +0.2583
+1594.0 +0.2562
+1595.0 +0.2582
+1596.0 +0.2445
+1597.0 +0.2469
+1598.0 +0.2542
+1599.0 +0.242
+1600.0 +0.2381
+1601.0 +0.2232
+1602.0 +0.2241
+1603.0 +0.224
+1604.0 +0.2284
+1605.0 +0.2368
+1606.0 +0.2414
+1607.0 +0.233
+1608.0 +0.2299
+1609.0 +0.2273
+1610.0 +0.2176
+1611.0 +0.2268
+1612.0 +0.2308
+1613.0 +0.2372
+1614.0 +0.2384
+1615.0 +0.241
+1616.0 +0.2305
+1617.0 +0.2346
+1618.0 +0.2435
+1619.0 +0.241
+1620.0 +0.2345
+1621.0 +0.2343
+1622.0 +0.2375
+1623.0 +0.2425
+1624.0 +0.2427
+1625.0 +0.2378
+1626.0 +0.2397
+1627.0 +0.2408
+1628.0 +0.2413
+1629.0 +0.2414
+1630.0 +0.2365
+1631.0 +0.2381
+1632.0 +0.2382
+1633.0 +0.2327
+1634.0 +0.2328
+1635.0 +0.2337
+1636.0 +0.2354
+1637.0 +0.227
+1638.0 +0.2201
+1639.0 +0.2203
+1640.0 +0.2151
+1641.0 +0.2196
+1642.0 +0.2208
+1643.0 +0.2154
+1644.0 +0.2235
+1645.0 +0.2182
+1646.0 +0.2175
+1647.0 +0.2277
+1648.0 +0.2165
+1649.0 +0.2187
+1650.0 +0.2253
+1651.0 +0.2086
+1652.0 +0.2237
+1653.0 +0.2228
+1654.0 +0.2158
+1655.0 +0.2223
+1656.0 +0.221
+1657.0 +0.2222
+1658.0 +0.2249
+1659.0 +0.2212
+1660.0 +0.2233
+1661.0 +0.2238
+1662.0 +0.2191
+1663.0 +0.2223
+1664.0 +0.221
+1665.0 +0.2118
+1666.0 +0.1788
+1667.0 +0.2107
+1668.0 +0.2146
+1669.0 +0.2152
+1670.0 +0.2217
+1671.0 +0.2188
+1672.0 +0.2115
+1673.0 +0.2163
+1674.0 +0.2157
+1675.0 +0.2136
+1676.0 +0.2114
+1677.0 +0.2123
+1678.0 +0.2092
+1679.0 +0.213
+1680.0 +0.2056
+1681.0 +0.1945
+1682.0 +0.2037
+1683.0 +0.2091
+1684.0 +0.198
+1685.0 +0.2132
+1686.0 +0.2103
+1687.0 +0.2048
+1688.0 +0.2101
+1689.0 +0.2072
+1690.0 +0.2052
+1691.0 +0.193
+1692.0 +0.2071
+1693.0 +0.2113
+1694.0 +0.2048
+1695.0 +0.2097
+1696.0 +0.2092
+1697.0 +0.1811
+1698.0 +0.2074
+1699.0 +0.2055
+1700.0 +0.1998
+1702.0 +0.204
+1705.0 +0.1978
+1710.0 +0.1879
+1715.0 +0.1897
+1720.0 +0.187
+1725.0 +0.1781
+1730.0 +0.1741
+1735.0 +0.1615
+1740.0 +0.1682
+1745.0 +0.1548
+1750.0 +0.1657
+1755.0 +0.153
+1760.0 +0.16
+1765.0 +0.1328
+1770.0 +0.1417
+1775.0 +0.1148
+1780.0 +0.1005
+1785.0 +0.07698
+1790.0 +0.0889
+1795.0 +0.04693
+1800.0 +0.03183
+1805.0 +0.01482
+1810.0 +0.009691
+1815.0 +0.003282
+1820.0 +0.0009876
+1825.0 +0.001274
+1830.0 +5.2e-06
+1835.0 +6.42e-06
+1840.0 +6.27e-08
+1845.0 +6.27e-06
+1850.0 +3e-06
+1855.0 +2.84e-07
+1860.0 +1.12e-05
+1865.0 +1.7e-05
+1870.0 +2.67e-10
+1875.0 +4.51e-10
+1880.0 +7.75e-05
+1885.0 +4.39e-05
+1890.0 +0.0002233
+1895.0 +0.0001295
+1900.0 +8.62e-07
+1905.0 +5.67e-07
+1910.0 +2.3e-05
+1915.0 +1.99e-05
+1920.0 +0.0004507
+1925.0 +0.0009361
+1930.0 +0.0005524
+1935.0 +0.003593
+1940.0 +0.003282
+1945.0 +0.01086
+1950.0 +0.01673
+1955.0 +0.01004
+1960.0 +0.02191
+1965.0 +0.02856
+1970.0 +0.04885
+1975.0 +0.06786
+1980.0 +0.07551
+1985.0 +0.08306
+1990.0 +0.08561
+1995.0 +0.08119
+2000.0 +0.03816
+2005.0 +0.015
+2010.0 +0.03975
+2015.0 +0.02665
+2020.0 +0.04498
+2025.0 +0.07401
+2030.0 +0.08486
+2035.0 +0.09639
+2040.0 +0.08978
+2045.0 +0.09107
+2050.0 +0.06793
+2055.0 +0.05491
+2060.0 +0.06919
+2065.0 +0.06187
+2070.0 +0.06568
+2075.0 +0.07744
+2080.0 +0.08681
+2085.0 +0.0851
+2090.0 +0.0891
+2095.0 +0.08975
+2100.0 +0.08613
+2105.0 +0.09315
+2110.0 +0.08965
+2115.0 +0.09167
+2120.0 +0.08759
+2125.0 +0.08863
+2130.0 +0.08977
+2135.0 +0.09004
+2140.0 +0.09077
+2145.0 +0.08949
+2150.0 +0.08464
+2155.0 +0.08484
+2160.0 +0.08417
+2165.0 +0.07631
+2170.0 +0.082
+2175.0 +0.08045
+2180.0 +0.08181
+2185.0 +0.07455
+2190.0 +0.07907
+2195.0 +0.07899
+2200.0 +0.0712
+2205.0 +0.07401
+2210.0 +0.07931
+2215.0 +0.07627
+2220.0 +0.07773
+2225.0 +0.07545
+2230.0 +0.07577
+2235.0 +0.0743
+2240.0 +0.07312
+2245.0 +0.07084
+2250.0 +0.07194
+2255.0 +0.06769
+2260.0 +0.06693
+2265.0 +0.06814
+2270.0 +0.06487
+2275.0 +0.06402
+2280.0 +0.06629
+2285.0 +0.06308
+2290.0 +0.06322
+2295.0 +0.06127
+2300.0 +0.05882
+2305.0 +0.05917
+2310.0 +0.06387
+2315.0 +0.05814
+2320.0 +0.05203
+2325.0 +0.05622
+2330.0 +0.05682
+2335.0 +0.05797
+2340.0 +0.04584
+2345.0 +0.0514
+2350.0 +0.04154
+2355.0 +0.04747
+2360.0 +0.05024
+2365.0 +0.04941
+2370.0 +0.03082
+2375.0 +0.04415
+2380.0 +0.04255
+2385.0 +0.03083
+2390.0 +0.03711
+2395.0 +0.04059
+2400.0 +0.04415
+2405.0 +0.0336
+2410.0 +0.03381
+2415.0 +0.0273
+2420.0 +0.02659
+2425.0 +0.03308
+2430.0 +0.0451
+2435.0 +0.01488
+2440.0 +0.04325
+2445.0 +0.0208
+2450.0 +0.01361
+2455.0 +0.02485
+2460.0 +0.03336
+2465.0 +0.02415
+2470.0 +0.01673
+2475.0 +0.01646
+2480.0 +0.008039
+2485.0 +0.00561
+2490.0 +0.003511
+2495.0 +0.002877
+2500.0 +0.007064
+2505.0 +0.001519
+2510.0 +0.002216
+2515.0 +0.0005188
+2520.0 +0.0003705
+2525.0 +4.14e-05
+2530.0 +6.36e-07
+2535.0 +1.75e-07
+2540.0 +3.77e-07
+2545.0 +5.38e-11
+2550.0 +2.82e-13
+2555.0 +1.04e-09
+2560.0 +3.1e-11
+2565.0 +1.6e-14
+2570.0 +1.53e-18
+2575.0 +1.08e-27
+2580.0 +3.82e-22
+2585.0 +1.72e-34
+2590.0 +5.48e-31
+2595.0 +2.28e-33
+2600.0 +4.49e-28
+2605.0 +5.81e-35
+2610.0 +5.94e-34
+2615.0 +1.12e-37
+2620.0 +5.65e-29
+2625.0 +3.87e-28
+2630.0 +2.8e-45
+2635.0 +3.9e-16
+2640.0 +1.18e-16
+2645.0 +9e-19
+2650.0 +1.43e-19
+2655.0 +1.31e-27
+2660.0 +2.61e-25
+2665.0 +1.11e-37
+2670.0 +0.0
+2675.0 +0.0
+2680.0 +0.0
+2685.0 +0.0
+2690.0 +1.02e-29
+2695.0 +7.13e-33
+2700.0 +0.0
+2705.0 +2.93e-42
+2710.0 +1.13e-35
+2715.0 +3.86e-26
+2720.0 +5.61e-45
+2725.0 +7.29e-22
+2730.0 +6.07e-19
+2735.0 +5.49e-21
+2740.0 +2.33e-27
+2745.0 +1.31e-23
+2750.0 +1.66e-28
+2755.0 +6.73e-44
+2760.0 +0.0
+2765.0 +2.68e-27
+2770.0 +8.38e-24
+2775.0 +4e-38
+2780.0 +4.81e-34
+2785.0 +3.89e-27
+2790.0 +1.22e-16
+2795.0 +3.62e-16
+2800.0 +1.65e-12
+2805.0 +6.75e-14
+2810.0 +4.02e-10
+2815.0 +2.87e-10
+2820.0 +2.05e-11
+2825.0 +1.76e-07
+2830.0 +3.9e-06
+2835.0 +2.13e-10
+2840.0 +1.96e-07
+2845.0 +4.06e-05
+2850.0 +1.16e-06
+2855.0 +4.49e-07
+2860.0 +2.54e-05
+2865.0 +0.0001676
+2870.0 +6.31e-06
+2875.0 +0.0003917
+2880.0 +0.0002472
+2885.0 +0.0004533
+2890.0 +0.0001862
+2895.0 +0.002664
+2900.0 +0.0008115
+2905.0 +0.000111
+2910.0 +0.002722
+2915.0 +0.001258
+2920.0 +0.002895
+2925.0 +0.001084
+2930.0 +0.005886
+2935.0 +0.00649
+2940.0 +0.001627
+2945.0 +0.001449
+2950.0 +0.005228
+2955.0 +0.002336
+2960.0 +0.004597
+2965.0 +0.007438
+2970.0 +0.0003523
+2975.0 +0.0008543
+2980.0 +0.001338
+2985.0 +0.006963
+2990.0 +0.01028
+2995.0 +0.004275
+3000.0 +0.007847
+3005.0 +0.002891
+3010.0 +0.006848
+3015.0 +0.005555
+3020.0 +0.0006337
+3025.0 +0.007503
+3030.0 +0.006075
+3035.0 +0.002499
+3040.0 +0.002024
+3045.0 +0.004209
+3050.0 +0.001032
+3055.0 +0.0002895
+3060.0 +0.006301
+3065.0 +0.002911
+3070.0 +0.001749
+3075.0 +0.006022
+3080.0 +0.003622
+3085.0 +0.001767
+3090.0 +0.00238
+3095.0 +0.0006551
+3100.0 +0.004401
+3105.0 +0.0009216
+3110.0 +0.0008457
+3115.0 +0.002268
+3120.0 +0.00982
+3125.0 +0.003029
+3130.0 +0.005761
+3135.0 +0.01145
+3140.0 +0.003324
+3145.0 +0.003252
+3150.0 +0.006674
+3155.0 +0.005637
+3160.0 +0.009232
+3165.0 +0.01402
+3170.0 +0.01252
+3175.0 +0.00923
+3180.0 +0.01062
+3185.0 +0.008082
+3190.0 +0.004239
+3195.0 +0.002693
+3200.0 +0.0004384
+3205.0 +0.0003097
+3210.0 +0.0001363
+3215.0 +0.0004975
+3220.0 +0.001609
+3225.0 +0.0001988
+3230.0 +0.0003408
+3235.0 +0.007294
+3240.0 +0.003746
+3245.0 +0.0007341
+3250.0 +0.002607
+3255.0 +0.009938
+3260.0 +0.001225
+3265.0 +0.002446
+3270.0 +0.001219
+3275.0 +0.005927
+3280.0 +0.002864
+3285.0 +0.01113
+3290.0 +0.008757
+3295.0 +0.001223
+3300.0 +0.001779
+3305.0 +0.003942
+3310.0 +0.003923
+3315.0 +1.61e-05
+3320.0 +6e-05
+3325.0 +0.003519
+3330.0 +0.004662
+3335.0 +0.009069
+3340.0 +0.00346
+3345.0 +0.003541
+3350.0 +0.008028
+3355.0 +0.003631
+3360.0 +0.00524
+3365.0 +0.007191
+3370.0 +0.003939
+3375.0 +0.008456
+3380.0 +0.005111
+3385.0 +0.00749
+3390.0 +0.009855
+3395.0 +0.009546
+3400.0 +0.01251
+3405.0 +0.004459
+3410.0 +0.00708
+3415.0 +0.007277
+3420.0 +0.01316
+3425.0 +0.01001
+3430.0 +0.008689
+3435.0 +0.01155
+3440.0 +0.008035
+3445.0 +0.01132
+3450.0 +0.01115
+3455.0 +0.008309
+3460.0 +0.01253
+3465.0 +0.009818
+3470.0 +0.01226
+3475.0 +0.01094
+3480.0 +0.01122
+3485.0 +0.01209
+3490.0 +0.01042
+3495.0 +0.01226
+3500.0 +0.01192
+3505.0 +0.01181
+3510.0 +0.01196
+3515.0 +0.01149
+3520.0 +0.01212
+3525.0 +0.01143
+3530.0 +0.01113
+3535.0 +0.009456
+3540.0 +0.009031
+3545.0 +0.009543
+3550.0 +0.01054
+3555.0 +0.009058
+3560.0 +0.0108
+3565.0 +0.01085
+3570.0 +0.008338
+3575.0 +0.008644
+3580.0 +0.01019
+3585.0 +0.009167
+3590.0 +0.009452
+3595.0 +0.00967
+3600.0 +0.01026
+3605.0 +0.01036
+3610.0 +0.009479
+3615.0 +0.009473
+3620.0 +0.01161
+3625.0 +0.01024
+3630.0 +0.009955
+3635.0 +0.0103
+3640.0 +0.01148
+3645.0 +0.0106
+3650.0 +0.01012
+3655.0 +0.01098
+3660.0 +0.01091
+3665.0 +0.01025
+3670.0 +0.0079
+3675.0 +0.004829
+3680.0 +0.008331
+3685.0 +0.009438
+3690.0 +0.009692
+3695.0 +0.01013
+3700.0 +0.01088
+3705.0 +0.01077
+3710.0 +0.009364
+3715.0 +0.009225
+3720.0 +0.01038
+3725.0 +0.0107
+3730.0 +0.009271
+3735.0 +0.008584
+3740.0 +0.008849
+3745.0 +0.01033
+3750.0 +0.00929
+3755.0 +0.008992
+3760.0 +0.008863
+3765.0 +0.00855
+3770.0 +0.009124
+3775.0 +0.009052
+3780.0 +0.009575
+3785.0 +0.008812
+3790.0 +0.007756
+3795.0 +0.008869
+3800.0 +0.009859
+3805.0 +0.009305
+3810.0 +0.008245
+3815.0 +0.007757
+3820.0 +0.009655
+3825.0 +0.009506
+3830.0 +0.009593
+3835.0 +0.007692
+3840.0 +0.008976
+3845.0 +0.00878
+3850.0 +0.008827
+3855.0 +0.008509
+3860.0 +0.007994
+3865.0 +0.008099
+3870.0 +0.00736
+3875.0 +0.006762
+3880.0 +0.006534
+3885.0 +0.006772
+3890.0 +0.006882
+3895.0 +0.007476
+3900.0 +0.007925
+3905.0 +0.007927
+3910.0 +0.007135
+3915.0 +0.006987
+3920.0 +0.006947
+3925.0 +0.006852
+3930.0 +0.00705
+3935.0 +0.007354
+3940.0 +0.007403
+3945.0 +0.007541
+3950.0 +0.007628
+3955.0 +0.00772
+3960.0 +0.007748
+3965.0 +0.007806
+3970.0 +0.007681
+3975.0 +0.00751
+3980.0 +0.007387
+3985.0 +0.007433
+3990.0 +0.007372
+3995.0 +0.00721
+4000.0 +0.007104
