          0.2 2.027 0.3579;
          0.2016 2.006 0.3601;
          0.2033 1.986 0.3663;
          0.2049 1.968 0.3757;
          0.2066 1.953 0.3848;
          0.2084 1.935 0.3934;
          0.2101 1.912 0.4084;
          0.2119 1.894 0.434;
          0.2138 1.886 0.4632;
          0.2156 1.885 0.4891;
          0.2175 1.884 0.5105;
          0.2194 1.88 0.5372;
          0.2214 1.884 0.5733;
          0.2234 1.902 0.6125;
          0.2254 1.941 0.6434;
          0.2275 1.986 0.6501;
          0.2296 2.02 0.6382;
          0.2317 2.039 0.6195;
          0.2339 2.041 0.6077;
          0.2362 2.045 0.6104;
          0.2384 2.059 0.6131;
          0.2407 2.075 0.6046;
          0.2431 2.078 0.5899;
          0.2455 2.069 0.5831;
          0.248 2.058 0.5912;
          0.2505 2.056 0.6094;
          0.253 2.062 0.6275;
          0.2556 2.073 0.6469;
          0.2583 2.088 0.6674;
          0.261 2.111 0.6927;
          0.2638 2.15 0.7152;
          0.2666 2.2 0.7217;
          0.2695 2.249 0.713;
          0.2725 2.292 0.6896;
          0.2755 2.32 0.6607;
          0.2786 2.34 0.6384;
          0.2818 2.363 0.6176;
          0.285 2.383 0.5939;
          0.2883 2.404 0.5722;
          0.2917 2.426 0.5453;
          0.2952 2.446 0.5123;
          0.2988 2.459 0.4728;
          0.3024 2.458 0.4329;
          0.3061 2.449 0.4054;
          0.31 2.447 0.3879;
          0.3139 2.457 0.3678;
          0.3179 2.469 0.3291;
          0.322 2.457 0.2767;
          0.3263 2.42 0.2388;
          0.3306 2.376 0.2274;
          0.3351 2.343 0.2383;
          0.3397 2.329 0.2584;
          0.3444 2.329 0.2774;
          0.3493 2.342 0.2978;
          0.3542 2.377 0.3109;
          0.3594 2.428 0.2966;
          0.3647 2.468 0.2454;
          0.3701 2.47 0.1797;
          0.3757 2.447 0.132;
          0.3815 2.421 0.1016;
          0.3875 2.396 0.07951;
          0.3936 2.372 0.06325;
          0.3999 2.349 0.05235;
          0.4065 2.33 0.04463;
          0.4133 2.314 0.03825;
          0.4203 2.299 0.03197;
          0.4275 2.284 0.02627;
          0.435 2.269 0.02181;
          0.4428 2.256 0.01862;
          0.4509 2.244 0.01627;
          0.4592 2.232 0.01456;
          0.4679 2.222 0.01328;
          0.4769 2.212 0.0122;
          0.4862 2.203 0.01135;
          0.4959 2.195 0.01048;
          0.5061 2.187 0.009831;
          0.5166 2.18 0.009176;
          0.5276 2.173 0.008744;
          0.5391 2.166 0.008309;
          0.551 2.16 0.007869;
          0.5636 2.155 0.007426;
          0.5767 2.149 0.00698;
          0.5904 2.144 0.006764;
          0.6048 2.139 0.006312;
          0.6199 2.134 0.006092;
          0.6358 2.13 0.005635;
          0.6525 2.125 0.005412;
          0.6702 2.121 0.005186;
          0.6888 2.117 0.00496;
          0.7085 2.113 0.004732;
          0.7293 2.11 0.004503;
          0.7514 2.106 0.004273;
          0.7749 2.103 0.004042;
          0.7999 2.1 0.004048;
          0.8266 2.097 0.003815;
          0.8551 2.094 0.003581;
          0.8856 2.092 0.003347;
          0.9184 2.089 0.003351;
          0.9537 2.087 0.003115;
          0.9919 2.084 0.002879;
          1.033 2.082 0.002882;
          1.078 2.08 0.002644;
          1.127 2.078 0.002406;
          1.181 2.076 0.002408;
          1.24 2.074 0.002169;
          1.305 2.073 0.002171;
          1.378 2.071 0.001931;
          1.459 2.07 0.001933;
          1.55 2.068 0.001692;
          1.653 2.067 0.001693;
          1.771 2.066 0.001452;
          1.907 2.064 0.001453;
          2.066 2.063 0.001212;
          2.254 2.063 0.001212;
          2.48 2.062 0.00097;
          2.755 2.061 0.0009705;
          3.1 2.06 0.000728;
          3.542 2.06 0.0007283;
          4.133 2.059 0.0007285;
          4.959 2.059 0.0004858;
          6.199 2.058 0.0004858;
          8.266 2.058 0.000243;
          12.4 2.058 0.000243;
          24.8 2.058 0.0;
