          0.414 3.977 3.147;
          0.4147 3.987 3.169;
          0.4154 3.962 3.13;
          0.4161 3.978 3.125;
          0.4168 3.99 3.124;
          0.4175 4.006 3.12;
          0.4182 4.019 3.111;
          0.4189 4.031 3.106;
          0.4196 4.041 3.099;
          0.4203 4.054 3.097;
          0.4211 4.065 3.097;
          0.4218 4.08 3.092;
          0.4225 4.09 3.084;
          0.4232 4.104 3.074;
          0.4239 4.111 3.073;
          0.4247 4.127 3.071;
          0.4254 4.135 3.071;
          0.4261 4.149 3.066;
          0.4269 4.157 3.066;
          0.4276 4.17 3.062;
          0.4283 4.18 3.066;
          0.4291 4.192 3.06;
          0.4298 4.2 3.059;
          0.4306 4.213 3.055;
          0.4313 4.224 3.057;
          0.4321 4.239 3.053;
          0.4328 4.247 3.056;
          0.4336 4.259 3.063;
          0.4343 4.267 3.064;
          0.4351 4.278 3.064;
          0.4359 4.294 3.063;
          0.4366 4.308 3.068;
          0.4374 4.332 3.075;
          0.4382 4.348 3.082;
          0.4389 4.382 3.104;
          0.4397 4.4 3.115;
          0.4405 4.424 3.13;
          0.4413 4.459 3.155;
          0.4421 4.492 3.175;
          0.4429 4.513 3.183;
          0.4436 4.538 3.188;
          0.4444 4.569 3.212;
          0.4452 4.594 3.218;
          0.446 4.619 3.222;
          0.4468 4.659 3.217;
          0.4477 4.686 3.221;
          0.4485 4.717 3.222;
          0.4493 4.741 3.221;
          0.4501 4.791 3.205;
          0.4509 4.812 3.203;
          0.4517 4.856 3.187;
          0.4526 4.877 3.184;
          0.4534 4.923 3.161;
          0.4542 4.94 3.156;
          0.455 4.987 3.133;
          0.4559 5.006 3.125;
          0.4567 5.04 3.104;
          0.4576 5.067 3.081;
          0.4584 5.093 3.06;
          0.4593 5.121 3.035;
          0.4601 5.146 3.011;
          0.461 5.177 2.987;
          0.4618 5.194 2.96;
          0.4627 5.223 2.929;
          0.4636 5.25 2.901;
          0.4644 5.262 2.881;
          0.4653 5.295 2.846;
          0.4662 5.318 2.82;
          0.467 5.324 2.789;
          0.4679 5.338 2.76;
          0.4688 5.358 2.721;
          0.4697 5.372 2.695;
          0.4706 5.377 2.666;
          0.4715 5.384 2.622;
          0.4724 5.388 2.591;
          0.4733 5.416 2.549;
          0.4742 5.421 2.518;
          0.4751 5.419 2.475;
          0.476 5.44 2.434;
          0.4769 5.459 2.395;
          0.4778 5.475 2.348;
          0.4788 5.482 2.317;
          0.4797 5.514 2.251;
          0.4806 5.541 2.204;
          0.4816 5.572 2.154;
          0.4825 5.583 2.121;
          0.4834 5.602 2.07;
          0.4844 5.631 2.031;
          0.4853 5.649 1.98;
          0.4863 5.656 1.948;
          0.4872 5.661 1.909;
          0.4882 5.671 1.889;
          0.4892 5.669 1.847;
          0.4901 5.674 1.816;
          0.4911 5.674 1.79;
          0.4921 5.679 1.77;
          0.493 5.679 1.725;
          0.494 5.674 1.7;
          0.495 5.671 1.665;
          0.496 5.671 1.644;
          0.497 5.665 1.603;
          0.498 5.657 1.568;
          0.499 5.648 1.533;
          0.5 5.642 1.513;
          0.501 5.632 1.476;
          0.502 5.624 1.446;
          0.503 5.617 1.419;
          0.5041 5.612 1.397;
          0.5051 5.603 1.364;
          0.5061 5.598 1.344;
          0.5072 5.594 1.326;
          0.5082 5.589 1.309;
          0.5092 5.574 1.285;
          0.5103 5.561 1.27;
          0.5113 5.546 1.254;
          0.5124 5.529 1.24;
          0.5135 5.512 1.225;
          0.5145 5.491 1.216;
          0.5156 5.47 1.207;
          0.5167 5.449 1.198;
          0.5177 5.427 1.187;
          0.5188 5.405 1.173;
          0.5199 5.384 1.164;
          0.521 5.362 1.153;
          0.5221 5.345 1.143;
          0.5232 5.327 1.136;
          0.5243 5.312 1.123;
          0.5254 5.3 1.117;
          0.5265 5.281 1.112;
          0.5277 5.273 1.099;
          0.5288 5.257 1.096;
          0.5299 5.246 1.09;
          0.531 5.232 1.086;
          0.5322 5.216 1.085;
          0.5333 5.209 1.08;
          0.5345 5.196 1.081;
          0.5356 5.191 1.077;
          0.5368 5.177 1.072;
          0.538 5.165 1.06;
          0.5391 5.152 1.057;
          0.5403 5.14 1.046;
          0.5415 5.128 1.039;
          0.5427 5.116 1.027;
          0.5439 5.105 1.017;
          0.5451 5.092 1.009;
          0.5463 5.082 1.006;
          0.5475 5.068 1.001;
          0.5487 5.058 0.991;
          0.5499 5.043 0.9874;
          0.5511 5.038 0.9801;
          0.5523 5.022 0.9751;
          0.5536 5.014 0.9693;
          0.5548 4.998 0.9701;
          0.5561 4.992 0.9647;
          0.5573 4.977 0.9628;
          0.5586 4.971 0.9565;
          0.5598 4.956 0.9595;
          0.5611 4.948 0.9611;
          0.5624 4.934 0.964;
          0.5636 4.928 0.9652;
          0.5649 4.916 0.9676;
          0.5662 4.908 0.9691;
          0.5675 4.897 0.9713;
          0.5688 4.886 0.9737;
          0.5701 4.875 0.979;
          0.5714 4.865 0.9883;
          0.5727 4.859 0.9962;
          0.5741 4.847 1.001;
          0.5754 4.835 1.004;
          0.5767 4.823 1.012;
          0.5781 4.808 1.022;
          0.5794 4.795 1.032;
          0.5808 4.787 1.042;
          0.5822 4.772 1.056;
          0.5835 4.76 1.078;
          0.5849 4.748 1.102;
          0.5863 4.741 1.131;
          0.5877 4.731 1.147;
          0.5891 4.727 1.17;
          0.5905 4.719 1.203;
          0.5919 4.719 1.23;
          0.5933 4.714 1.258;
          0.5947 4.712 1.28;
          0.5962 4.723 1.309;
          0.5976 4.711 1.348;
          0.599 4.713 1.369;
          0.6005 4.719 1.389;
          0.6019 4.735 1.415;
          0.6034 4.75 1.436;
          0.6049 4.767 1.448;
          0.6064 4.78 1.47;
          0.6078 4.802 1.485;
          0.6093 4.822 1.501;
          0.6108 4.843 1.508;
          0.6123 4.874 1.509;
          0.6139 4.907 1.489;
          0.6154 4.962 1.449;
          0.6169 5.053 1.388;
          0.6185 5.078 1.339;
          0.62 5.111 1.287;
          0.6216 5.155 1.225;
          0.6231 5.254 1.152;
          0.6247 5.252 1.108;
          0.6263 5.253 1.067;
          0.6278 5.253 1.025;
          0.6294 5.258 0.9772;
          0.631 5.256 0.9511;
          0.6327 5.257 0.931;
          0.6343 5.24 0.9161;
          0.6359 5.228 0.9057;
          0.6375 5.201 0.8967;
          0.6392 5.168 0.8943;
          0.6408 5.137 0.8872;
          0.6425 5.115 0.8835;
          0.6442 5.084 0.8838;
          0.6458 5.058 0.8921;
          0.6475 5.04 0.908;
          0.6492 5.025 0.9398;
          0.6509 5.008 0.9601;
          0.6526 4.998 1.013;
          0.6544 4.988 1.045;
          0.6561 4.986 1.095;
          0.6578 4.986 1.128;
          0.6596 5.0 1.185;
          0.6613 5.011 1.229;
          0.6631 5.042 1.274;
          0.6649 5.066 1.306;
          0.6667 5.095 1.339;
          0.6685 5.117 1.361;
          0.6703 5.15 1.391;
          0.6721 5.157 1.359;
          0.6739 5.16 1.314;
          0.6757 5.172 1.225;
          0.6776 5.319 1.105;
          0.6795 5.355 1.019;
          0.6813 5.36 0.9443;
          0.6832 5.54 0.824;
          0.6851 5.697 0.7129;
          0.687 5.733 0.6664;
          0.6889 5.735 0.6243;
          0.6908 5.855 0.5555;
          0.6927 5.824 0.5094;
          0.6947 5.785 0.4694;
          0.6966 5.742 0.4179;
          0.6986 5.69 0.3764;
          0.7006 5.65 0.337;
          0.7025 5.609 0.2824;
          0.7045 5.563 0.2317;
          0.7066 5.52 0.2145;
          0.7086 5.476 0.1932;
          0.7106 5.455 0.1626;
          0.7126 5.418 0.131;
          0.7147 5.396 0.1123;
          0.7168 5.359 0.09388;
          0.7188 5.338 0.07232;
          0.7209 5.318 0.04683;
          0.723 5.299 0.03372;
          0.7251 5.27 0.02693;
          0.7273 5.247 0.0228;
          0.7294 5.221 0.02056;
          0.7316 5.201 0.01412;
          0.7337 5.18 0.0142;
          0.7359 5.155 0.01386;
          0.7381 5.131 0.008434;
          0.7403 5.11 0.005427;
          0.7425 5.09 0.005528;
          0.7447 5.069 0.005632;
          0.747 5.051 0.005725;
          0.7492 5.037 0.005795;
          0.7515 5.019 0.005888;
          0.7538 5.005 0.005961;
          0.7561 4.984 0.006071;
          0.7584 4.967 0.006033;
          0.7607 4.951 0.008641;
          0.7631 4.936 0.008719;
          0.7654 4.918 0.00882;
          0.7678 4.904 0.008902;
          0.7702 4.885 0.009015;
          0.7726 4.874 0.009102;
          0.775 4.861 0.006701;
          0.7774 4.845 -0.001459;
          0.7799 4.838 -0.002908;
          0.7823 4.821 -0.002849;
          0.7848 4.815 -0.002829;
          0.7873 4.8 -0.002776;
          0.7898 4.796 -0.002759;
          0.7923 4.781 -0.002707;
          0.7949 4.774 -0.00268;
          0.7974 4.757 -0.00262;
          0.8 4.756 -0.002616;
          0.8026 4.741 -0.002561;
          0.8052 4.734 -0.002533;
          0.8078 4.721 -0.002487;
          0.8105 4.713 -0.002455;
          0.8131 4.704 -0.002422;
          0.8158 4.698 -0.002399;
          0.8185 4.687 -0.002374;
          0.8212 4.676 0.0001489;
          0.8239 4.669 0.0002383;
          0.8267 4.661 0.0002748;
