          0.414 3.887 1.811;
          0.4147 3.893 1.8;
          0.4154 3.887 1.785;
          0.4161 3.877 1.75;
          0.4168 3.874 1.739;
          0.4175 3.881 1.725;
          0.4182 3.886 1.719;
          0.4189 3.892 1.716;
          0.4196 3.898 1.713;
          0.4203 3.908 1.706;
          0.4211 3.908 1.698;
          0.4218 3.905 1.689;
          0.4225 3.904 1.687;
          0.4232 3.907 1.686;
          0.4239 3.914 1.683;
          0.4247 3.922 1.679;
          0.4254 3.924 1.678;
          0.4261 3.924 1.678;
          0.4269 3.924 1.678;
          0.4276 3.921 1.672;
          0.4283 3.917 1.66;
          0.4291 3.92 1.655;
          0.4298 3.925 1.651;
          0.4306 3.932 1.648;
          0.4313 3.935 1.647;
          0.4321 3.941 1.644;
          0.4328 3.952 1.639;
          0.4336 3.964 1.625;
          0.4343 3.979 1.612;
          0.4351 3.99 1.598;
          0.4359 3.99 1.591;
          0.4366 3.99 1.591;
          0.4374 3.99 1.591;
          0.4382 3.992 1.59;
          0.4389 4.001 1.587;
          0.4397 4.009 1.583;
          0.4405 4.005 1.572;
          0.4413 4.003 1.565;
          0.4421 4.002 1.563;
          0.4429 4.002 1.563;
          0.4436 4.002 1.563;
          0.4444 4.012 1.556;
          0.4452 4.018 1.541;
          0.446 4.019 1.53;
          0.4468 4.018 1.521;
          0.4477 4.016 1.513;
          0.4485 4.015 1.511;
          0.4493 4.014 1.508;
          0.4501 4.014 1.508;
          0.4509 4.015 1.504;
          0.4517 4.019 1.499;
          0.4526 4.024 1.487;
          0.4534 4.026 1.471;
          0.4542 4.026 1.471;
          0.455 4.026 1.471;
          0.4559 4.026 1.471;
          0.4567 4.035 1.468;
          0.4576 4.044 1.463;
          0.4584 4.043 1.453;
          0.4593 4.043 1.444;
          0.4601 4.053 1.438;
          0.461 4.059 1.436;
          0.4618 4.06 1.436;
          0.4627 4.067 1.433;
          0.4636 4.075 1.43;
          0.4644 4.08 1.426;
          0.4653 4.08 1.419;
          0.4662 4.077 1.409;
          0.467 4.076 1.407;
          0.4679 4.079 1.406;
          0.4688 4.082 1.405;
          0.4697 4.092 1.401;
          0.4706 4.097 1.399;
          0.4715 4.099 1.399;
          0.4724 4.099 1.399;
          0.4733 4.104 1.397;
          0.4742 4.11 1.389;
          0.4751 4.126 1.381;
          0.476 4.14 1.368;
          0.4769 4.151 1.356;
          0.4778 4.157 1.348;
          0.4788 4.16 1.347;
          0.4797 4.159 1.347;
          0.4806 4.158 1.335;
          0.4816 4.163 1.32;
          0.4825 4.166 1.301;
          0.4834 4.166 1.286;
          0.4844 4.162 1.275;
          0.4853 4.162 1.275;
          0.4863 4.162 1.275;
          0.4872 4.16 1.269;
          0.4882 4.158 1.26;
          0.4892 4.154 1.247;
          0.4901 4.15 1.234;
          0.4911 4.147 1.223;
          0.4921 4.144 1.213;
          0.493 4.14 1.202;
          0.494 4.137 1.189;
          0.495 4.133 1.176;
          0.496 4.13 1.165;
          0.497 4.127 1.155;
          0.498 4.123 1.141;
          0.499 4.122 1.136;
          0.5 4.121 1.133;
          0.501 4.118 1.124;
          0.502 4.11 1.113;
          0.503 4.1 1.103;
          0.5041 4.088 1.097;
          0.5051 4.085 1.097;
          0.5061 4.088 1.096;
          0.5072 4.083 1.098;
          0.5082 4.073 1.1;
          0.5092 4.064 1.094;
          0.5103 4.062 1.087;
          0.5113 4.061 1.08;
          0.5124 4.06 1.08;
          0.5135 4.054 1.071;
          0.5145 4.039 1.065;
          0.5156 4.033 1.064;
          0.5167 4.033 1.064;
          0.5177 4.033 1.064;
          0.5188 4.031 1.065;
          0.5199 4.025 1.066;
          0.521 4.014 1.069;
          0.5221 4.011 1.07;
          0.5232 4.009 1.064;
          0.5243 4.01 1.064;
          0.5254 4.01 1.064;
          0.5265 4.01 1.064;
          0.5277 4.01 1.064;
          0.5288 4.01 1.064;
          0.5299 4.01 1.067;
          0.531 4.012 1.073;
          0.5322 4.014 1.081;
          0.5333 4.015 1.086;
          0.5345 4.015 1.086;
          0.5356 4.015 1.086;
          0.5368 4.015 1.086;
          0.538 4.015 1.086;
          0.5391 4.015 1.086;
          0.5403 4.015 1.086;
          0.5415 4.015 1.086;
          0.5427 4.015 1.087;
          0.5439 4.022 1.088;
          0.5451 4.024 1.096;
          0.5463 4.026 1.104;
          0.5475 4.035 1.105;
          0.5487 4.047 1.101;
          0.5499 4.049 1.101;
          0.5511 4.051 1.1;
          0.5523 4.06 1.092;
          0.5536 4.073 1.093;
          0.5548 4.088 1.101;
          0.5561 4.099 1.105;
          0.5573 4.108 1.102;
          0.5586 4.117 1.1;
          0.5598 4.126 1.098;
          0.5611 4.137 1.095;
          0.5624 4.144 1.102;
          0.5636 4.149 1.111;
          0.5649 4.156 1.115;
          0.5662 4.168 1.112;
          0.5675 4.179 1.109;
          0.5688 4.19 1.106;
          0.5701 4.193 1.105;
          0.5714 4.195 1.102;
          0.5727 4.201 1.093;
          0.5741 4.211 1.08;
          0.5754 4.221 1.073;
          0.5767 4.231 1.067;
          0.5781 4.24 1.057;
          0.5794 4.25 1.043;
          0.5808 4.26 1.028;
          0.5822 4.268 1.013;
          0.5835 4.276 0.9919;
          0.5849 4.28 0.9838;
          0.5863 4.279 0.9725;
          0.5877 4.283 0.9619;
          0.5891 4.287 0.9517;
          0.5905 4.295 0.9385;
          0.5919 4.298 0.9273;
          0.5933 4.298 0.9157;
          0.5947 4.298 0.9022;
          0.5962 4.309 0.8892;
          0.5976 4.311 0.8746;
          0.599 4.309 0.8644;
          0.6005 4.307 0.8528;
          0.6019 4.304 0.8396;
          0.6034 4.302 0.827;
          0.6049 4.299 0.81;
          0.6064 4.296 0.7955;
          0.6078 4.293 0.7812;
          0.6093 4.292 0.774;
          0.6108 4.291 0.7659;
          0.6123 4.29 0.7624;
          0.6139 4.261 0.7546;
          0.6154 4.278 0.7406;
          0.6169 4.268 0.7319;
          0.6185 4.261 0.7241;
          0.62 4.259 0.7082;
          0.6216 4.249 0.6979;
          0.6231 4.238 0.6856;
          0.6247 4.224 0.6746;
          0.6263 4.21 0.6654;
          0.6278 4.202 0.6558;
          0.6294 4.198 0.6466;
          0.631 4.194 0.6399;
          0.6327 4.182 0.6415;
          0.6343 4.174 0.6327;
          0.6359 4.171 0.621;
          0.6375 4.162 0.6102;
          0.6392 4.155 0.6033;
          0.6408 4.152 0.6008;
          0.6425 4.149 0.6012;
          0.6442 4.143 0.6021;
          0.6458 4.132 0.5982;
          0.6475 4.127 0.5879;
          0.6492 4.121 0.5824;
          0.6509 4.112 0.5809;
          0.6526 4.102 0.5822;
          0.6544 4.098 0.5828;
          0.6561 4.098 0.5828;
          0.6578 4.096 0.5831;
          0.6596 4.085 0.5795;
          0.6613 4.076 0.5802;
          0.6631 4.075 0.5803;
          0.6649 4.071 0.5809;
          0.6667 4.058 0.5827;
          0.6685 4.052 0.5836;
          0.6703 4.05 0.5839;
          0.6721 4.043 0.5849;
          0.6739 4.033 0.5863;
          0.6757 4.029 0.5869;
          0.6776 4.026 0.5873;
          0.6795 4.018 0.5885;
          0.6813 4.008 0.5899;
          0.6832 4.004 0.5905;
          0.6851 4.0 0.5911;
          0.687 3.993 0.5922;
          0.6889 3.98 0.5941;
          0.6908 3.977 0.5946;
          0.6927 3.977 0.5946;
          0.6947 3.971 0.5955;
          0.6966 3.96 0.5971;
          0.6986 3.954 0.598;
          0.7006 3.96 0.5999;
          0.7025 3.961 0.6056;
          0.7045 3.962 0.6147;
          0.7066 3.955 0.6188;
          0.7086 3.945 0.6204;
          0.7106 3.939 0.6212;
          0.7126 3.937 0.6239;
          0.7147 3.932 0.6345;
          0.7168 3.922 0.6449;
          0.7188 3.919 0.6486;
          0.7209 3.917 0.6517;
          0.723 3.919 0.6657;
          0.7251 3.92 0.6855;
          0.7273 3.915 0.7035;
          0.7294 3.912 0.7227;
          0.7316 3.922 0.7513;
          0.7337 3.94 0.7739;
          0.7359 3.956 0.7901;
          0.7381 3.971 0.8116;
          0.7403 3.985 0.8345;
          0.7425 4.0 0.8559;
          0.7447 4.011 0.8757;
          0.747 4.016 0.8973;
          0.7492 4.021 0.9225;
          0.7515 4.028 0.9466;
          0.7538 4.047 0.9699;
          0.7561 4.072 0.9969;
          0.7584 4.096 1.019;
          0.7607 4.118 1.042;
          0.7631 4.14 1.076;
          0.7654 4.165 1.108;
          0.7678 4.229 1.123;
          0.7702 4.339 1.113;
          0.7726 4.415 1.103;
          0.775 4.47 1.066;
          0.7774 4.589 1.013;
          0.7799 4.671 0.9564;
          0.7823 4.7 0.9121;
          0.7848 4.703 0.8731;
          0.7873 4.682 0.8435;
          0.7898 4.66 0.8164;
          0.7923 4.64 0.7868;
          0.7949 4.627 0.7494;
          0.7974 4.613 0.7089;
          0.8 4.604 0.6652;
          0.8026 4.593 0.6124;
          0.8052 4.578 0.5559;
          0.8078 4.559 0.5;
          0.8105 4.543 0.4439;
          0.8131 4.529 0.3954;
          0.8158 4.513 0.3503;
          0.8185 4.496 0.3148;
          0.8212 4.483 0.2817;
          0.8239 4.47 0.2601;
          0.8267 4.457 0.2467;
