          0.3 1.772 0.1352;
          0.302 1.772 0.1317;
          0.304 1.771 0.1283;
          0.306 1.77 0.1249;
          0.308 1.769 0.1215;
          0.31 1.768 0.1182;
          0.312 1.767 0.115;
          0.314 1.766 0.1118;
          0.316 1.766 0.1087;
          0.318 1.765 0.1056;
          0.32 1.764 0.1026;
          0.322 1.762 0.09959;
          0.324 1.761 0.09666;
          0.326 1.76 0.09378;
          0.328 1.759 0.09095;
          0.33 1.758 0.08817;
          0.332 1.757 0.08544;
          0.334 1.756 0.08276;
          0.336 1.754 0.08013;
          0.338 1.753 0.07755;
          0.34 1.752 0.07501;
          0.342 1.751 0.07253;
          0.344 1.749 0.07009;
          0.346 1.748 0.0677;
          0.348 1.747 0.06535;
          0.35 1.745 0.06305;
          0.352 1.744 0.0608;
          0.354 1.743 0.0586;
          0.356 1.741 0.05644;
          0.358 1.74 0.05432;
          0.36 1.738 0.05225;
          0.362 1.737 0.05023;
          0.364 1.735 0.04825;
          0.366 1.734 0.04632;
          0.368 1.733 0.04442;
          0.37 1.731 0.04258;
          0.372 1.73 0.04077;
          0.374 1.728 0.03901;
          0.376 1.727 0.0373;
          0.378 1.725 0.03562;
          0.38 1.724 0.03399;
          0.382 1.722 0.0324;
          0.384 1.721 0.03085;
          0.386 1.719 0.02934;
          0.388 1.718 0.02788;
          0.39 1.716 0.02645;
          0.392 1.714 0.02507;
          0.394 1.713 0.02372;
          0.396 1.711 0.02242;
          0.398 1.71 0.02115;
          0.4 1.708 0.01993;
          0.402 1.707 0.01874;
          0.404 1.705 0.01759;
          0.406 1.704 0.01649;
          0.408 1.702 0.01542;
          0.41 1.701 0.01438;
          0.412 1.699 0.01339;
          0.414 1.698 0.01244;
          0.416 1.696 0.01152;
          0.418 1.695 0.01064;
          0.42 1.693 0.00979;
          0.422 1.692 0.00898;
          0.424 1.69 0.00821;
          0.426 1.689 0.00748;
          0.428 1.687 0.00678;
          0.43 1.686 0.00612;
          0.432 1.684 0.00549;
          0.434 1.683 0.0049;
          0.436 1.682 0.00434;
          0.438 1.68 0.00382;
          0.44 1.679 0.00333;
          0.442 1.677 0.00288;
          0.444 1.676 0.00246;
          0.446 1.675 0.00207;
          0.448 1.673 0.00172;
          0.45 1.672 0.0014;
          0.452 1.671 0.00112;
          0.454 1.669 0.000866;
          0.456 1.668 0.000646;
          0.458 1.667 0.000459;
          0.46 1.666 0.000304;
          0.462 1.665 0.000181;
          0.464 1.663 9e-05;
          0.466 1.662 3.1e-05;
          0.468 1.661 3e-06;
          0.47 1.66 0.0;
          0.472 1.659 0.0;
          0.474 1.658 0.0;
          0.476 1.657 0.0;
          0.478 1.656 0.0;
          0.48 1.656 0.0;
          0.482 1.655 0.0;
          0.484 1.654 0.0;
          0.486 1.653 0.0;
          0.488 1.652 0.0;
          0.49 1.652 0.0;
          0.492 1.651 0.0;
          0.494 1.65 0.0;
          0.496 1.649 0.0;
          0.498 1.649 0.0;
          0.5 1.648 0.0;
          0.502 1.647 0.0;
          0.504 1.647 0.0;
          0.506 1.646 0.0;
          0.508 1.646 0.0;
          0.51 1.645 0.0;
          0.512 1.644 0.0;
          0.514 1.644 0.0;
          0.516 1.643 0.0;
          0.518 1.643 0.0;
          0.52 1.642 0.0;
          0.522 1.642 0.0;
          0.524 1.641 0.0;
          0.526 1.641 0.0;
          0.528 1.64 0.0;
          0.53 1.64 0.0;
          0.532 1.639 0.0;
          0.534 1.639 0.0;
          0.536 1.638 0.0;
          0.538 1.638 0.0;
          0.54 1.637 0.0;
          0.542 1.637 0.0;
          0.544 1.636 0.0;
          0.546 1.636 0.0;
          0.548 1.635 0.0;
          0.55 1.635 0.0;
          0.552 1.634 0.0;
          0.554 1.634 0.0;
          0.556 1.634 0.0;
          0.558 1.633 0.0;
          0.56 1.633 0.0;
          0.562 1.632 0.0;
          0.564 1.632 0.0;
          0.566 1.632 0.0;
          0.568 1.631 0.0;
          0.57 1.631 0.0;
          0.572 1.631 0.0;
          0.574 1.63 0.0;
          0.576 1.63 0.0;
          0.578 1.63 0.0;
          0.58 1.629 0.0;
          0.582 1.629 0.0;
          0.584 1.629 0.0;
          0.586 1.628 0.0;
          0.588 1.628 0.0;
          0.59 1.628 0.0;
          0.592 1.627 0.0;
          0.594 1.627 0.0;
          0.596 1.627 0.0;
          0.598 1.626 0.0;
          0.6 1.626 0.0;
          0.602 1.626 0.0;
          0.604 1.625 0.0;
          0.606 1.625 0.0;
          0.608 1.625 0.0;
          0.61 1.625 0.0;
          0.612 1.624 0.0;
          0.614 1.624 0.0;
          0.616 1.624 0.0;
          0.618 1.624 0.0;
          0.62 1.623 0.0;
          0.622 1.623 0.0;
          0.624 1.623 0.0;
          0.626 1.622 0.0;
          0.628 1.622 0.0;
          0.63 1.622 0.0;
          0.632 1.622 0.0;
          0.634 1.621 0.0;
          0.636 1.621 0.0;
          0.638 1.621 0.0;
          0.64 1.621 0.0;
          0.642 1.621 0.0;
          0.644 1.62 0.0;
          0.646 1.62 0.0;
          0.648 1.62 0.0;
          0.65 1.62 0.0;
          0.652 1.619 0.0;
          0.654 1.619 0.0;
          0.656 1.619 0.0;
          0.658 1.619 0.0;
          0.66 1.619 0.0;
          0.662 1.618 0.0;
          0.664 1.618 0.0;
          0.666 1.618 0.0;
          0.668 1.618 0.0;
          0.67 1.618 0.0;
          0.672 1.617 0.0;
          0.674 1.617 0.0;
          0.676 1.617 0.0;
          0.678 1.617 0.0;
          0.68 1.617 0.0;
          0.682 1.616 0.0;
          0.684 1.616 0.0;
          0.686 1.616 0.0;
          0.688 1.616 0.0;
          0.69 1.616 0.0;
          0.692 1.616 0.0;
          0.694 1.615 0.0;
          0.696 1.615 0.0;
          0.698 1.615 0.0;
          0.7 1.615 0.0;
          0.702 1.615 0.0;
          0.704 1.615 0.0;
          0.706 1.614 0.0;
          0.708 1.614 0.0;
          0.71 1.614 0.0;
          0.712 1.614 0.0;
          0.714 1.614 0.0;
          0.716 1.614 0.0;
          0.718 1.613 0.0;
          0.72 1.613 0.0;
          0.722 1.613 0.0;
          0.724 1.613 0.0;
          0.726 1.613 0.0;
          0.728 1.613 0.0;
          0.73 1.613 0.0;
          0.732 1.612 0.0;
          0.734 1.612 0.0;
          0.736 1.612 0.0;
          0.738 1.612 0.0;
          0.74 1.612 0.0;
          0.742 1.612 0.0;
          0.744 1.612 0.0;
          0.746 1.611 0.0;
          0.748 1.611 0.0;
          0.75 1.611 0.0;
          0.752 1.611 0.0;
          0.754 1.611 0.0;
          0.756 1.611 0.0;
          0.758 1.611 0.0;
          0.76 1.61 0.0;
          0.762 1.61 0.0;
          0.764 1.61 0.0;
          0.766 1.61 0.0;
          0.768 1.61 0.0;
          0.77 1.61 0.0;
          0.772 1.61 0.0;
          0.774 1.61 0.0;
          0.776 1.609 0.0;
          0.778 1.609 0.0;
          0.78 1.609 0.0;
          0.782 1.609 0.0;
          0.784 1.609 0.0;
          0.786 1.609 0.0;
          0.788 1.609 0.0;
          0.79 1.609 0.0;
          0.792 1.609 0.0;
          0.794 1.608 0.0;
          0.796 1.608 0.0;
          0.798 1.608 0.0;
          0.8 1.608 0.0;
          0.802 1.608 0.0;
          0.804 1.608 0.0;
          0.806 1.608 0.0;
          0.808 1.608 0.0;
          0.81 1.608 0.0;
          0.812 1.608 0.0;
          0.814 1.607 0.0;
          0.816 1.607 0.0;
          0.818 1.607 0.0;
          0.82 1.607 0.0;
          0.822 1.607 0.0;
          0.824 1.607 0.0;
          0.826 1.607 0.0;
          0.828 1.607 0.0;
          0.83 1.607 0.0;
          0.832 1.607 0.0;
          0.834 1.606 0.0;
          0.836 1.606 0.0;
          0.838 1.606 0.0;
          0.84 1.606 0.0;
          0.842 1.606 0.0;
          0.844 1.606 0.0;
          0.846 1.606 0.0;
          0.848 1.606 0.0;
          0.85 1.606 0.0;
          0.852 1.606 0.0;
          0.854 1.606 0.0;
          0.856 1.606 0.0;
          0.858 1.605 0.0;
          0.86 1.605 0.0;
          0.862 1.605 0.0;
          0.864 1.605 0.0;
          0.866 1.605 0.0;
          0.868 1.605 0.0;
          0.87 1.605 0.0;
          0.872 1.605 0.0;
          0.874 1.605 0.0;
          0.876 1.605 0.0;
          0.878 1.605 0.0;
          0.88 1.605 0.0;
          0.882 1.604 0.0;
          0.884 1.604 0.0;
          0.886 1.604 0.0;
          0.888 1.604 0.0;
          0.89 1.604 0.0;
          0.892 1.604 0.0;
          0.894 1.604 0.0;
          0.896 1.604 0.0;
          0.898 1.604 0.0;
          0.9 1.604 0.0;
          0.902 1.604 0.0;
          0.904 1.604 0.0;
          0.906 1.604 0.0;
          0.908 1.604 0.0;
          0.91 1.603 0.0;
          0.912 1.603 0.0;
          0.914 1.603 0.0;
          0.916 1.603 0.0;
          0.918 1.603 0.0;
          0.92 1.603 0.0;
          0.922 1.603 0.0;
          0.924 1.603 0.0;
          0.926 1.603 0.0;
          0.928 1.603 0.0;
          0.93 1.603 0.0;
          0.932 1.603 0.0;
          0.934 1.603 0.0;
          0.936 1.603 0.0;
          0.938 1.603 0.0;
          0.94 1.602 0.0;
          0.942 1.602 0.0;
          0.944 1.602 0.0;
          0.946 1.602 0.0;
          0.948 1.602 0.0;
          0.95 1.602 0.0;
          0.952 1.602 0.0;
          0.954 1.602 0.0;
          0.956 1.602 0.0;
          0.958 1.602 0.0;
          0.96 1.602 0.0;
          0.962 1.602 0.0;
          0.964 1.602 0.0;
          0.966 1.602 0.0;
          0.968 1.602 0.0;
          0.97 1.602 0.0;
          0.972 1.602 0.0;
          0.974 1.601 0.0;
          0.976 1.601 0.0;
          0.978 1.601 0.0;
          0.98 1.601 0.0;
          0.982 1.601 0.0;
          0.984 1.601 0.0;
          0.986 1.601 0.0;
          0.988 1.601 0.0;
          0.99 1.601 0.0;
          0.992 1.601 0.0;
          0.994 1.601 0.0;
          0.996 1.601 0.0;
          0.998 1.601 0.0;
          1.0 1.601 0.0;
          1.002 1.601 0.0;
          1.004 1.601 0.0;
          1.006 1.601 0.0;
          1.008 1.601 0.0;
          1.01 1.601 0.0;
          1.012 1.6 0.0;
          1.014 1.6 0.0;
          1.016 1.6 0.0;
          1.018 1.6 0.0;
          1.02 1.6 0.0;
          1.022 1.6 0.0;
          1.024 1.6 0.0;
          1.026 1.6 0.0;
          1.028 1.6 0.0;
          1.03 1.6 0.0;
          1.032 1.6 0.0;
          1.034 1.6 0.0;
          1.036 1.6 0.0;
          1.038 1.6 0.0;
          1.04 1.6 0.0;
          1.042 1.6 0.0;
          1.044 1.6 0.0;
          1.046 1.6 0.0;
          1.048 1.6 0.0;
          1.05 1.6 0.0;
          1.052 1.6 0.0;
          1.054 1.6 0.0;
          1.056 1.599 0.0;
          1.058 1.599 0.0;
          1.06 1.599 0.0;
          1.062 1.599 0.0;
          1.064 1.599 0.0;
          1.066 1.599 0.0;
          1.068 1.599 0.0;
          1.07 1.599 0.0;
          1.072 1.599 0.0;
          1.074 1.599 0.0;
          1.076 1.599 0.0;
          1.078 1.599 0.0;
          1.08 1.599 0.0;
          1.082 1.599 0.0;
          1.084 1.599 0.0;
          1.086 1.599 0.0;
          1.088 1.599 0.0;
          1.09 1.599 0.0;
          1.092 1.599 0.0;
          1.094 1.599 0.0;
          1.096 1.599 0.0;
          1.098 1.599 0.0;
          1.1 1.599 0.0;
