          0.25 2.339 0.5736;
          0.26 2.354 0.5004;
          0.27 2.362 0.4289;
          0.28 2.361 0.3601;
          0.29 2.353 0.2948;
          0.3 2.337 0.2337;
          0.31 2.315 0.1778;
          0.32 2.286 0.1278;
          0.33 2.253 0.08472;
          0.34 2.216 0.04943;
          0.35 2.176 0.02298;
          0.36 2.136 0.00646;
          0.37 2.099 0.00101;
          0.3704 2.098 0.00101;
          0.372 2.093 0.00102;
          0.3735 2.088 0.00104;
          0.3751 2.084 0.00105;
          0.3767 2.08 0.00107;
          0.3783 2.076 0.00109;
          0.3799 2.072 0.0011;
          0.38 2.072 0.0011;
          0.3814 2.068 0.00112;
          0.383 2.065 0.00113;
          0.3846 2.061 0.00115;
          0.3862 2.058 0.00117;
          0.3878 2.055 0.00118;
          0.3894 2.051 0.0012;
          0.39 2.05 0.0012;
          0.3909 2.048 0.00121;
          0.3925 2.045 0.00123;
          0.3941 2.042 0.00125;
          0.3957 2.039 0.00126;
          0.3973 2.037 0.00128;
          0.3988 2.034 0.0013;
          0.4 2.032 0.00131;
          0.4004 2.031 0.00132;
          0.402 2.028 0.00133;
          0.4036 2.026 0.00135;
          0.4052 2.023 0.00137;
          0.4067 2.021 0.00138;
          0.4083 2.019 0.0014;
          0.4099 2.016 0.00142;
          0.41 2.016 0.00142;
          0.4115 2.014 0.00144;
          0.4131 2.012 0.00146;
          0.4147 2.009 0.00148;
          0.4162 2.007 0.00149;
          0.4178 2.005 0.00151;
          0.4194 2.003 0.00153;
          0.42 2.002 0.00154;
          0.421 2.001 0.00155;
          0.4226 1.999 0.00157;
          0.4241 1.997 0.00159;
          0.4257 1.995 0.00161;
          0.4273 1.993 0.00163;
          0.4289 1.991 0.00165;
          0.43 1.99 0.00166;
          0.4305 1.989 0.00167;
          0.4321 1.987 0.00169;
          0.4336 1.985 0.00171;
          0.4352 1.984 0.00173;
          0.4368 1.982 0.00175;
          0.4384 1.98 0.00177;
          0.44 1.978 0.00179;
          0.44 1.978 0.00179;
          0.4416 1.977 0.00181;
          0.4431 1.975 0.00183;
          0.4447 1.973 0.00185;
          0.4463 1.972 0.00187;
          0.4479 1.97 0.0019;
          0.4495 1.969 0.00192;
          0.45 1.968 0.00192;
          0.451 1.967 0.00194;
          0.4526 1.966 0.00196;
          0.4542 1.964 0.00198;
          0.4558 1.963 0.002;
          0.4574 1.961 0.00203;
          0.459 1.96 0.00205;
          0.46 1.959 0.00206;
          0.4605 1.958 0.00207;
          0.4621 1.957 0.0021;
          0.4637 1.956 0.00212;
          0.4653 1.954 0.00214;
          0.4669 1.953 0.00216;
          0.4685 1.952 0.00219;
          0.47 1.95 0.00221;
          0.47 1.95 0.00221;
          0.4716 1.949 0.00224;
          0.4732 1.948 0.00226;
          0.4748 1.946 0.00228;
          0.4764 1.945 0.00231;
          0.478 1.944 0.00233;
          0.4795 1.943 0.00236;
          0.48 1.942 0.00236;
          0.4811 1.941 0.00238;
          0.4827 1.94 0.00241;
          0.4843 1.939 0.00243;
          0.4859 1.938 0.00246;
          0.4875 1.937 0.00248;
          0.489 1.936 0.00251;
          0.49 1.935 0.00252;
          0.4906 1.934 0.00253;
          0.4922 1.933 0.00256;
          0.4938 1.932 0.00259;
          0.4954 1.931 0.00261;
          0.4969 1.93 0.00264;
          0.4985 1.929 0.00266;
          0.5 1.928 0.00269;
          0.5001 1.928 0.00269;
          0.5017 1.927 0.00272;
          0.5033 1.926 0.00275;
          0.5049 1.925 0.00277;
          0.5064 1.924 0.0028;
          0.508 1.923 0.00283;
          0.5096 1.922 0.00286;
          0.51 1.921 0.00286;
          0.5112 1.921 0.00288;
          0.5128 1.92 0.00291;
          0.5144 1.919 0.00294;
          0.5159 1.918 0.00297;
          0.5175 1.917 0.003;
          0.5191 1.916 0.00303;
          0.52 1.915 0.00304;
          0.5207 1.915 0.00306;
          0.5223 1.914 0.00309;
          0.5239 1.913 0.00312;
          0.5254 1.912 0.00314;
          0.527 1.911 0.00317;
          0.5286 1.91 0.0032;
          0.53 1.909 0.00323;
          0.5302 1.909 0.00324;
          0.5318 1.909 0.00327;
          0.5334 1.908 0.0033;
          0.5349 1.907 0.00333;
          0.5365 1.906 0.00336;
          0.5381 1.905 0.00339;
          0.5397 1.904 0.00342;
          0.54 1.904 0.00343;
          0.5413 1.903 0.00345;
          0.5429 1.902 0.00348;
          0.5444 1.902 0.00351;
          0.546 1.901 0.00355;
          0.5476 1.9 0.00358;
          0.5492 1.899 0.00361;
          0.55 1.899 0.00363;
          0.5508 1.898 0.00364;
          0.5524 1.898 0.00368;
          0.5539 1.897 0.00371;
          0.5555 1.896 0.00374;
          0.5571 1.895 0.00378;
          0.5587 1.894 0.00381;
          0.56 1.894 0.00384;
          0.5603 1.894 0.00384;
          0.5619 1.893 0.00388;
          0.5634 1.892 0.00391;
          0.565 1.891 0.00395;
          0.5666 1.891 0.00398;
          0.5682 1.89 0.00402;
          0.5698 1.889 0.00405;
          0.57 1.889 0.00406;
          0.5713 1.888 0.00409;
          0.5729 1.888 0.00412;
          0.5745 1.887 0.00416;
          0.5761 1.886 0.00419;
          0.5777 1.885 0.00423;
          0.5793 1.885 0.00427;
          0.58 1.884 0.00428;
          0.5808 1.884 0.0043;
          0.5824 1.883 0.00434;
          0.584 1.883 0.00438;
          0.5856 1.882 0.00441;
          0.5872 1.881 0.00445;
          0.5888 1.88 0.00449;
          0.59 1.88 0.00452;
          0.5903 1.88 0.00453;
          0.5919 1.879 0.00456;
          0.5935 1.878 0.0046;
          0.5951 1.878 0.00464;
          0.5967 1.877 0.00468;
          0.5982 1.876 0.00472;
          0.5998 1.876 0.00475;
          0.6 1.876 0.00476;
          0.6014 1.875 0.00479;
          0.603 1.874 0.00483;
          0.6046 1.874 0.00487;
          0.6062 1.873 0.00491;
          0.6077 1.872 0.00495;
          0.6093 1.872 0.00499;
          0.61 1.871 0.00501;
          0.6109 1.871 0.00503;
          0.6125 1.87 0.00507;
          0.6141 1.87 0.00511;
          0.6156 1.869 0.00516;
          0.6172 1.869 0.0052;
          0.6188 1.868 0.00524;
          0.62 1.867 0.00527;
          0.6204 1.867 0.00528;
          0.622 1.867 0.00532;
          0.6236 1.866 0.00536;
          0.6251 1.865 0.00541;
          0.6267 1.865 0.00545;
          0.6283 1.864 0.00549;
          0.6299 1.864 0.00554;
          0.63 1.864 0.00554;
          0.6315 1.863 0.00558;
          0.633 1.862 0.00562;
          0.6346 1.862 0.00566;
          0.6362 1.861 0.00571;
          0.6378 1.861 0.00575;
          0.6394 1.86 0.0058;
          0.64 1.86 0.00581;
          0.6409 1.859 0.00584;
          0.6425 1.859 0.00589;
          0.6441 1.858 0.00593;
          0.6457 1.858 0.00598;
          0.6473 1.857 0.00602;
          0.6489 1.857 0.00607;
          0.65 1.856 0.0061;
          0.6504 1.856 0.00611;
          0.652 1.855 0.00616;
          0.6536 1.855 0.00621;
          0.6552 1.854 0.00625;
          0.6568 1.854 0.0063;
          0.6583 1.853 0.00635;
          0.6599 1.853 0.00639;
          0.66 1.852 0.0064;
          0.6615 1.852 0.00644;
          0.6631 1.851 0.00649;
          0.6647 1.851 0.00654;
          0.6662 1.85 0.00659;
          0.6678 1.85 0.00664;
          0.6694 1.849 0.00668;
          0.67 1.849 0.0067;
          0.671 1.849 0.00673;
          0.6726 1.848 0.00678;
          0.6741 1.848 0.00683;
          0.6757 1.847 0.00688;
          0.6773 1.846 0.00693;
          0.6789 1.846 0.00698;
          0.68 1.845 0.00702;
          0.6805 1.845 0.00703;
          0.682 1.845 0.00708;
          0.6836 1.844 0.00713;
          0.6852 1.844 0.00718;
          0.6868 1.843 0.00724;
          0.6883 1.843 0.00729;
          0.6899 1.842 0.00734;
          0.69 1.842 0.00734;
          0.6915 1.842 0.00739;
          0.6931 1.841 0.00744;
          0.6947 1.841 0.00749;
          0.6962 1.84 0.00755;
          0.6978 1.839 0.0076;
          0.6994 1.839 0.00765;
          0.7 1.839 0.00768;
          0.701 1.838 0.00771;
          0.7026 1.838 0.00776;
          0.7041 1.837 0.00782;
          0.7057 1.837 0.00787;
          0.7073 1.836 0.00792;
          0.7089 1.836 0.00798;
          0.71 1.836 0.00802;
          0.7104 1.835 0.00803;
          0.712 1.835 0.00809;
          0.7136 1.834 0.00814;
          0.7152 1.834 0.0082;
          0.7168 1.833 0.00826;
          0.7183 1.833 0.00831;
          0.7199 1.832 0.00837;
          0.72 1.832 0.00837;
          0.7215 1.832 0.00843;
          0.7231 1.831 0.00848;
          0.7246 1.831 0.00854;
          0.7262 1.83 0.0086;
          0.7278 1.83 0.00866;
          0.7294 1.829 0.00872;
          0.73 1.829 0.00874;
          0.731 1.829 0.00877;
          0.7325 1.828 0.00883;
          0.7341 1.828 0.00889;
          0.7357 1.827 0.00895;
          0.7373 1.827 0.00901;
          0.7388 1.826 0.00907;
          0.74 1.826 0.00911;
          0.7404 1.826 0.00913;
          0.742 1.825 0.00919;
          0.7436 1.825 0.00925;
          0.7451 1.824 0.00931;
          0.7467 1.824 0.00937;
          0.7483 1.823 0.00943;
          0.7499 1.823 0.00949;
          0.75 1.823 0.0095;
          0.7514 1.822 0.00955;
          0.753 1.822 0.00962;
          0.7546 1.821 0.00968;
          0.7562 1.821 0.00974;
          0.7577 1.82 0.0098;
          0.7593 1.82 0.00987;
          0.76 1.82 0.00989;
          0.7609 1.82 0.00993;
          0.7625 1.819 0.01;
          0.764 1.819 0.01006;
          0.7656 1.818 0.01012;
          0.7672 1.818 0.01019;
          0.7688 1.817 0.01025;
          0.77 1.817 0.0103;
          0.7703 1.817 0.01032;
          0.7719 1.816 0.01038;
          0.7735 1.816 0.01045;
          0.7751 1.815 0.01051;
          0.7766 1.815 0.01058;
          0.7782 1.814 0.01065;
          0.7798 1.814 0.01071;
          0.78 1.814 0.01072;
          0.7814 1.813 0.01078;
          0.7829 1.813 0.01085;
          0.7845 1.812 0.01091;
          0.7861 1.812 0.01098;
          0.7877 1.811 0.01105;
          0.7892 1.811 0.01112;
          0.79 1.811 0.01115;
          0.7908 1.81 0.01119;
          0.7924 1.81 0.01125;
          0.7939 1.81 0.01133;
          0.7955 1.809 0.01139;
          0.7971 1.809 0.01146;
          0.7987 1.808 0.01153;
          0.8 1.808 0.01159;
          0.8002 1.808 0.0116;
          0.8018 1.807 0.01167;
          0.8034 1.807 0.01175;
          0.805 1.806 0.01182;
          0.8065 1.806 0.01189;
          0.8081 1.805 0.01196;
          0.8097 1.805 0.01203;
          0.81 1.805 0.01205;
          0.8112 1.804 0.0121;
          0.8128 1.804 0.01218;
          0.8144 1.804 0.01225;
          0.816 1.803 0.01232;
          0.8175 1.803 0.0124;
          0.8191 1.802 0.01247;
          0.82 1.802 0.01251;
          0.8207 1.802 0.01254;
          0.8222 1.801 0.01262;
          0.8238 1.801 0.01269;
          0.8254 1.8 0.01277;
          0.827 1.8 0.01284;
          0.8285 1.799 0.01292;
          0.83 1.799 0.01299;
          0.8301 1.799 0.01299;
          0.8317 1.798 0.01307;
          0.8332 1.798 0.01315;
          0.8348 1.798 0.01322;
          0.8364 1.797 0.0133;
          0.8379 1.797 0.01338;
          0.8395 1.796 0.01345;
          0.84 1.796 0.01348;
          0.8411 1.796 0.01353;
          0.8426 1.795 0.01361;
          0.8442 1.795 0.01369;
          0.8458 1.794 0.01377;
          0.8474 1.794 0.01385;
          0.8489 1.793 0.01393;
          0.85 1.793 0.01398;
          0.8505 1.793 0.01401;
          0.8521 1.793 0.01409;
          0.8536 1.792 0.01417;
          0.8552 1.792 0.01425;
          0.8568 1.791 0.01433;
          0.8583 1.791 0.01441;
          0.8599 1.79 0.01449;
          0.86 1.79 0.01449;
          0.8615 1.79 0.01457;
          0.863 1.789 0.01465;
          0.8646 1.789 0.01474;
          0.8662 1.788 0.01482;
          0.8677 1.788 0.0149;
          0.8693 1.788 0.01498;
          0.87 1.787 0.01502;
          0.8709 1.787 0.01507;
          0.8724 1.787 0.01515;
          0.874 1.786 0.01524;
          0.8756 1.786 0.01532;
          0.8771 1.785 0.0154;
          0.8787 1.785 0.01549;
          0.88 1.784 0.01556;
          0.8803 1.784 0.01558;
          0.8818 1.784 0.01566;
          0.8834 1.783 0.01575;
          0.885 1.783 0.01583;
          0.8865 1.783 0.01592;
          0.8881 1.782 0.01601;
          0.8896 1.782 0.01609;
          0.89 1.782 0.01611;
          0.8912 1.781 0.01618;
          0.8928 1.781 0.01627;
          0.8943 1.78 0.01636;
          0.8959 1.78 0.01645;
          0.8975 1.779 0.01654;
          0.899 1.779 0.01662;
          0.9 1.779 0.01668;
          0.9006 1.779 0.01671;
          0.9022 1.778 0.0168;
          0.9037 1.778 0.01689;
          0.9053 1.777 0.01698;
          0.9068 1.777 0.01708;
          0.9084 1.776 0.01717;
          0.91 1.776 0.01726;
          0.91 1.776 0.01726;
          0.9115 1.775 0.01735;
          0.9131 1.775 0.01744;
          0.9147 1.774 0.01753;
          0.9162 1.774 0.01763;
          0.9178 1.774 0.01772;
          0.9193 1.773 0.01781;
          0.92 1.773 0.01785;
          0.9209 1.773 0.01791;
          0.9225 1.772 0.018;
          0.924 1.772 0.0181;
          0.9256 1.771 0.01819;
          0.9272 1.771 0.01828;
          0.9287 1.77 0.01838;
          0.93 1.77 0.01846;
          0.9303 1.77 0.01848;
          0.9318 1.77 0.01857;
          0.9334 1.769 0.01867;
          0.935 1.769 0.01877;
          0.9365 1.768 0.01886;
          0.9381 1.768 0.01896;
          0.9396 1.767 0.01906;
          0.94 1.767 0.01908;
          0.9412 1.767 0.01915;
          0.9427 1.766 0.01925;
          0.9443 1.766 0.01935;
          0.9459 1.765 0.01945;
          0.9474 1.765 0.01955;
          0.949 1.765 0.01965;
          0.95 1.764 0.01972;
          0.9505 1.764 0.01975;
          0.9521 1.764 0.01985;
          0.9537 1.763 0.01995;
          0.9552 1.763 0.02005;
          0.9568 1.762 0.02015;
          0.9583 1.762 0.02025;
          0.9599 1.761 0.02036;
          0.96 1.761 0.02037;
          0.9614 1.761 0.02046;
          0.963 1.761 0.02056;
          0.9646 1.76 0.02066;
          0.9661 1.76 0.02077;
          0.9677 1.759 0.02087;
          0.9692 1.759 0.02098;
          0.97 1.759 0.02103;
          0.9708 1.758 0.02108;
          0.9723 1.758 0.02119;
          0.9739 1.757 0.02129;
          0.9754 1.757 0.0214;
          0.977 1.756 0.0215;
          0.9786 1.756 0.02161;
          0.98 1.756 0.02171;
          0.9801 1.756 0.02172;
          0.9817 1.755 0.02182;
          0.9832 1.755 0.02193;
          0.9848 1.754 0.02204;
          0.9863 1.754 0.02214;
          0.9879 1.753 0.02225;
          0.9894 1.753 0.02236;
          0.99 1.753 0.0224;
          0.991 1.752 0.02247;
          0.9925 1.752 0.02258;
          0.9941 1.752 0.02269;
          0.9956 1.751 0.0228;
          0.9972 1.751 0.02291;
          0.9988 1.75 0.02302;
          1.0 1.75 0.02311;
          1.01 1.747 0.02383;
          1.013 1.746 0.02406;
          1.017 1.745 0.02431;
          1.02 1.744 0.02457;
          1.02 1.744 0.02457;
          1.023 1.743 0.02482;
          1.027 1.742 0.02507;
          1.03 1.741 0.02533;
          1.03 1.741 0.02533;
          1.033 1.74 0.02559;
          1.037 1.739 0.02585;
          1.04 1.738 0.0261;
          1.04 1.738 0.02611;
          1.044 1.737 0.02638;
          1.047 1.736 0.02665;
          1.05 1.735 0.02689;
          1.05 1.735 0.02692;
          1.054 1.734 0.02719;
          1.057 1.733 0.02746;
          1.06 1.732 0.02769;
          1.061 1.732 0.02773;
          1.064 1.731 0.02801;
          1.067 1.73 0.02829;
          1.07 1.729 0.02851;
          1.071 1.729 0.02857;
          1.074 1.728 0.02885;
          1.077 1.727 0.02913;
          1.08 1.726 0.02935;
          1.081 1.726 0.02942;
          1.084 1.725 0.02971;
          1.088 1.724 0.03;
          1.09 1.723 0.0302;
          1.091 1.723 0.03029;
          1.094 1.722 0.03058;
          1.098 1.721 0.03088;
          1.1 1.72 0.03107;
          1.101 1.72 0.03118;
          1.105 1.719 0.03148;
          1.108 1.718 0.03178;
          1.11 1.717 0.03196;
          1.111 1.717 0.03208;
          1.115 1.716 0.03239;
          1.118 1.715 0.0327;
          1.12 1.714 0.03286;
          1.122 1.714 0.03301;
          1.125 1.713 0.03332;
          1.128 1.711 0.03364;
          1.13 1.711 0.03379;
          1.132 1.71 0.03395;
          1.135 1.709 0.03427;
          1.139 1.708 0.03459;
          1.14 1.708 0.03473;
          1.142 1.707 0.03492;
          1.145 1.706 0.03524;
          1.149 1.705 0.03557;
          1.15 1.705 0.03569;
          1.152 1.704 0.0359;
          1.156 1.703 0.03623;
          1.159 1.702 0.03657;
          1.16 1.702 0.03666;
          1.162 1.701 0.0369;
          1.166 1.7 0.03724;
          1.169 1.699 0.03758;
          1.17 1.699 0.03766;
          1.173 1.698 0.03792;
          1.176 1.697 0.03827;
          1.179 1.696 0.03862;
          1.18 1.695 0.03867;
          1.183 1.695 0.03897;
          1.186 1.694 0.03932;
          1.19 1.692 0.03967;
          1.19 1.692 0.03971;
          1.193 1.691 0.04003;
          1.196 1.69 0.04039;
          1.2 1.689 0.04075;
          1.2 1.689 0.04076;
          1.203 1.688 0.04111;
          1.207 1.687 0.04148;
          1.21 1.686 0.04183;
          1.21 1.686 0.04185;
          1.214 1.685 0.04222;
          1.217 1.684 0.04259;
          1.22 1.683 0.04293;
          1.22 1.683 0.04297;
          1.224 1.682 0.04334;
          1.227 1.681 0.04372;
          1.23 1.68 0.04404;
          1.231 1.679 0.04411;
          1.234 1.678 0.04449;
          1.237 1.677 0.04488;
          1.24 1.676 0.04517;
          1.241 1.676 0.04527;
          1.244 1.675 0.04566;
          1.248 1.674 0.04605;
          1.25 1.673 0.04633;
          1.251 1.673 0.04645;
          1.254 1.672 0.04685;
          1.258 1.671 0.04725;
          1.26 1.67 0.0475;
          1.261 1.669 0.04766;
          1.265 1.668 0.04807;
          1.268 1.667 0.04847;
          1.27 1.667 0.0487;
          1.272 1.666 0.04889;
          1.275 1.665 0.0493;
          1.278 1.664 0.04972;
          1.28 1.663 0.04991;
          1.282 1.663 0.05014;
          1.285 1.662 0.05056;
          1.289 1.66 0.05099;
          1.29 1.66 0.05115;
          1.292 1.659 0.05141;
          1.296 1.658 0.05185;
          1.299 1.657 0.05228;
          1.3 1.657 0.05241;
          1.302 1.656 0.05271;
          1.306 1.655 0.05315;
          1.309 1.654 0.05359;
          1.31 1.653 0.05369;
          1.313 1.652 0.05404;
          1.316 1.651 0.05448;
          1.32 1.65 0.05493;
          1.32 1.65 0.05499;
          1.323 1.649 0.05538;
          1.326 1.648 0.05584;
          1.33 1.647 0.05629;
          1.33 1.647 0.05632;
          1.333 1.645 0.05675;
          1.337 1.644 0.05722;
          1.34 1.643 0.05767;
          1.34 1.643 0.05768;
          1.344 1.642 0.05815;
          1.347 1.641 0.05862;
          1.35 1.64 0.05904;
          1.35 1.64 0.05909;
          1.354 1.638 0.05957;
          1.357 1.637 0.06005;
          1.36 1.636 0.06044;
          1.361 1.636 0.06053;
          1.364 1.635 0.06102;
          1.368 1.634 0.0615;
          1.37 1.633 0.06185;
          1.371 1.632 0.062;
          1.374 1.631 0.06249;
          1.378 1.63 0.06298;
          1.38 1.629 0.0633;
          1.381 1.629 0.06348;
          1.385 1.628 0.06399;
          1.388 1.626 0.06449;
          1.39 1.626 0.06476;
          1.392 1.625 0.065;
          1.395 1.624 0.06551;
          1.398 1.623 0.06603;
          1.4 1.622 0.06625;
          1.402 1.622 0.06654;
          1.405 1.62 0.06706;
          1.409 1.619 0.06759;
          1.41 1.619 0.06777;
          1.412 1.618 0.06811;
          1.416 1.617 0.06864;
          1.419 1.615 0.06917;
          1.42 1.615 0.06931;
          1.423 1.614 0.06971;
          1.426 1.613 0.07025;
          1.429 1.612 0.07079;
          1.43 1.612 0.07088;
          1.433 1.611 0.07133;
          1.436 1.609 0.07188;
          1.44 1.608 0.07243;
          1.44 1.608 0.07247;
          1.443 1.607 0.07299;
          1.447 1.606 0.07354;
          1.45 1.604 0.07408;
          1.45 1.604 0.0741;
          1.454 1.603 0.07467;
          1.457 1.602 0.07523;
          1.46 1.601 0.07573;
          1.46 1.601 0.0758;
          1.464 1.599 0.07638;
          1.467 1.598 0.07695;
          1.47 1.597 0.0774;
          1.471 1.597 0.07753;
          1.474 1.596 0.07812;
          1.478 1.594 0.0787;
          1.48 1.593 0.07909;
          1.481 1.593 0.07929;
          1.485 1.592 0.07988;
          1.488 1.59 0.08048;
          1.49 1.59 0.08082;
          1.492 1.589 0.08108;
          1.495 1.588 0.08168;
          1.498 1.587 0.08229;
          1.5 1.586 0.08257;
          1.502 1.585 0.0829;
          1.505 1.584 0.08351;
          1.509 1.583 0.08413;
          1.51 1.582 0.08435;
          1.512 1.581 0.08475;
          1.516 1.58 0.08537;
          1.519 1.579 0.086;
          1.52 1.579 0.08616;
          1.523 1.578 0.08663;
          1.526 1.576 0.08726;
          1.53 1.575 0.0879;
          1.53 1.575 0.08799;
          1.533 1.574 0.08854;
          1.536 1.572 0.08919;
          1.54 1.571 0.08983;
          1.54 1.571 0.08986;
          1.543 1.57 0.09048;
          1.547 1.568 0.09114;
          1.55 1.567 0.09175;
          1.55 1.567 0.0918;
          1.554 1.566 0.09246;
          1.557 1.564 0.09313;
          1.56 1.563 0.09367;
          1.561 1.563 0.0938;
          1.564 1.562 0.09447;
          1.568 1.56 0.09515;
          1.57 1.56 0.09562;
          1.571 1.559 0.09583;
          1.574 1.558 0.09651;
          1.578 1.556 0.0972;
          1.58 1.556 0.0976;
          1.581 1.555 0.09789;
          1.585 1.554 0.09859;
          1.588 1.552 0.09928;
          1.59 1.552 0.09962;
          1.592 1.551 0.09999;
          1.595 1.55 0.1007;
          1.599 1.548 0.1014;
          1.6 1.548 0.1017;
          1.602 1.547 0.1021;
          1.606 1.546 0.1028;
          1.609 1.544 0.1036;
          1.61 1.544 0.1037;
          1.613 1.543 0.1043;
          1.616 1.542 0.105;
          1.62 1.54 0.1057;
          1.62 1.54 0.1058;
          1.623 1.539 0.1065;
          1.627 1.537 0.1072;
          1.63 1.536 0.108;
          1.63 1.536 0.108;
          1.633 1.535 0.1087;
          1.637 1.533 0.1095;
          1.64 1.532 0.1101;
          1.64 1.532 0.1102;
          1.644 1.531 0.111;
          1.647 1.529 0.1118;
          1.65 1.528 0.1124;
          1.651 1.528 0.1125;
          1.654 1.526 0.1133;
          1.658 1.525 0.1141;
          1.66 1.524 0.1146;
          1.661 1.524 0.1149;
          1.665 1.522 0.1157;
          1.668 1.521 0.1164;
          1.67 1.52 0.1169;
          1.672 1.519 0.1172;
          1.675 1.518 0.118;
          1.679 1.517 0.1188;
          1.68 1.516 0.1192;
          1.682 1.515 0.1197;
          1.686 1.514 0.1205;
          1.689 1.512 0.1213;
          1.69 1.512 0.1215;
          1.7 1.508 0.1239;
          1.71 1.504 0.1263;
          1.72 1.5 0.1287;
          1.73 1.495 0.1312;
          1.74 1.491 0.1337;
          1.75 1.487 0.1363;
          1.76 1.483 0.1388;
          1.77 1.479 0.1415;
          1.78 1.475 0.1441;
          1.79 1.47 0.1468;
          1.8 1.466 0.1496;
          1.81 1.462 0.1524;
          1.82 1.457 0.1552;
          1.83 1.453 0.158;
          1.84 1.449 0.1609;
          1.85 1.444 0.1639;
          1.86 1.44 0.1668;
          1.87 1.436 0.1699;
          1.88 1.431 0.1729;
          1.89 1.427 0.1761;
          1.9 1.423 0.1792;
          1.91 1.418 0.1824;
          1.92 1.414 0.1856;
          1.93 1.409 0.1889;
          1.94 1.405 0.1923;
          1.95 1.4 0.1956;
          1.96 1.396 0.1991;
          1.97 1.391 0.2025;
          1.98 1.387 0.2061;
          1.99 1.382 0.2096;
          2.0 1.378 0.2132;
