          0.3014 3.127 0.6862;
          0.3029 3.13 0.6605;
          0.3045 3.133 0.6348;
          0.3061 3.134 0.6091;
          0.3077 3.135 0.5833;
          0.3093 3.135 0.5577;
          0.3109 3.134 0.5321;
          0.3125 3.133 0.5067;
          0.3141 3.13 0.481;
          0.3156 3.127 0.456;
          0.3172 3.122 0.4315;
          0.3188 3.117 0.4069;
          0.3204 3.111 0.3827;
          0.322 3.105 0.3588;
          0.3236 3.097 0.3353;
          0.3252 3.089 0.3122;
          0.3268 3.08 0.2896;
          0.3284 3.07 0.2675;
          0.3299 3.059 0.246;
          0.3315 3.048 0.2251;
          0.3331 3.036 0.2049;
          0.3347 3.023 0.1853;
          0.3363 3.009 0.1665;
          0.3379 2.995 0.1484;
          0.3395 2.98 0.1312;
          0.3411 2.965 0.1148;
          0.3427 2.949 0.09931;
          0.3442 2.933 0.08479;
          0.3458 2.916 0.07126;
          0.3474 2.899 0.05877;
          0.349 2.882 0.04737;
          0.3506 2.864 0.03708;
          0.3522 2.847 0.02797;
          0.3538 2.829 0.02006;
          0.3554 2.811 0.01341;
          0.357 2.794 0.008051;
          0.3586 2.777 0.004022;
          0.3601 2.76 0.001361;
          0.3617 2.744 0.000104;
          0.3633 2.73 0.0;
          0.3649 2.717 0.0;
          0.3665 2.706 0.0;
          0.3681 2.694 0.0;
          0.3697 2.684 0.0;
          0.3713 2.674 0.0;
          0.3729 2.665 0.0;
          0.3744 2.656 0.0;
          0.376 2.647 0.0;
          0.3776 2.639 0.0;
          0.3792 2.631 0.0;
          0.3808 2.623 0.0;
          0.3824 2.616 0.0;
          0.384 2.609 0.0;
          0.3856 2.602 0.0;
          0.3872 2.595 0.0;
          0.3888 2.589 0.0;
          0.3903 2.582 0.0;
          0.3919 2.576 0.0;
          0.3935 2.57 0.0;
          0.3951 2.565 0.0;
          0.3967 2.559 0.0;
          0.3983 2.554 0.0;
          0.3999 2.548 0.0;
          0.4015 2.543 0.0;
          0.4031 2.538 0.0;
          0.4046 2.534 0.0;
          0.4062 2.529 0.0;
          0.4078 2.524 0.0;
          0.4094 2.52 0.0;
          0.411 2.515 0.0;
          0.4126 2.511 0.0;
          0.4142 2.507 0.0;
          0.4158 2.503 0.0;
          0.4174 2.499 0.0;
          0.419 2.495 0.0;
          0.4205 2.491 0.0;
          0.4221 2.487 0.0;
          0.4237 2.484 0.0;
          0.4253 2.48 0.0;
          0.4269 2.477 0.0;
          0.4285 2.473 0.0;
          0.4301 2.47 0.0;
          0.4317 2.466 0.0;
          0.4333 2.463 0.0;
          0.4349 2.46 0.0;
          0.4364 2.457 0.0;
          0.438 2.454 0.0;
          0.4396 2.451 0.0;
          0.4412 2.448 0.0;
          0.4428 2.445 0.0;
          0.4444 2.442 0.0;
          0.446 2.439 0.0;
          0.4476 2.437 0.0;
          0.4492 2.434 0.0;
          0.4508 2.431 0.0;
          0.4523 2.429 0.0;
          0.4539 2.426 0.0;
          0.4555 2.424 0.0;
          0.4571 2.421 0.0;
          0.4587 2.419 0.0;
          0.4603 2.417 0.0;
          0.4619 2.414 0.0;
          0.4635 2.412 0.0;
          0.4651 2.41 0.0;
          0.4666 2.407 0.0;
          0.4682 2.405 0.0;
          0.4698 2.403 0.0;
          0.4714 2.401 0.0;
          0.473 2.399 0.0;
          0.4746 2.397 0.0;
          0.4762 2.395 0.0;
          0.4778 2.393 0.0;
          0.4794 2.391 0.0;
          0.481 2.389 0.0;
          0.4825 2.387 0.0;
          0.4841 2.385 0.0;
          0.4857 2.383 0.0;
          0.4873 2.382 0.0;
          0.4889 2.38 0.0;
          0.4905 2.378 0.0;
          0.4921 2.376 0.0;
          0.4937 2.375 0.0;
          0.4953 2.373 0.0;
          0.4968 2.371 0.0;
          0.4984 2.37 0.0;
          0.5 2.368 0.0;
          0.5016 2.366 0.0;
          0.5032 2.365 0.0;
          0.5048 2.363 0.0;
          0.5064 2.362 0.0;
          0.508 2.36 0.0;
          0.5096 2.359 0.0;
          0.5111 2.357 0.0;
          0.5127 2.356 0.0;
          0.5143 2.354 0.0;
          0.5159 2.353 0.0;
          0.5175 2.351 0.0;
          0.5191 2.35 0.0;
          0.5207 2.349 0.0;
          0.5223 2.347 0.0;
          0.5239 2.346 0.0;
          0.5254 2.345 0.0;
          0.527 2.343 0.0;
          0.5286 2.342 0.0;
          0.5302 2.341 0.0;
          0.5318 2.34 0.0;
          0.5334 2.338 0.0;
          0.535 2.337 0.0;
          0.5366 2.336 0.0;
          0.5382 2.335 0.0;
          0.5397 2.334 0.0;
          0.5413 2.332 0.0;
          0.5429 2.331 0.0;
          0.5445 2.33 0.0;
          0.5461 2.329 0.0;
          0.5477 2.328 0.0;
          0.5493 2.327 0.0;
          0.5509 2.326 0.0;
          0.5524 2.325 0.0;
          0.554 2.324 0.0;
          0.5556 2.323 0.0;
          0.5572 2.322 0.0;
          0.5588 2.32 0.0;
          0.5604 2.319 0.0;
          0.562 2.318 0.0;
          0.5636 2.317 0.0;
          0.5651 2.317 0.0;
          0.5667 2.316 0.0;
          0.5683 2.315 0.0;
          0.5699 2.314 0.0;
          0.5715 2.313 0.0;
          0.5731 2.312 0.0;
          0.5747 2.311 0.0;
          0.5763 2.31 0.0;
          0.5778 2.309 0.0;
          0.5794 2.308 0.0;
          0.581 2.307 0.0;
          0.5826 2.306 0.0;
          0.5842 2.306 0.0;
          0.5858 2.305 0.0;
          0.5874 2.304 0.0;
          0.589 2.303 0.0;
          0.5905 2.302 0.0;
          0.5921 2.301 0.0;
          0.5937 2.301 0.0;
          0.5953 2.3 0.0;
          0.5969 2.299 0.0;
          0.5985 2.298 0.0;
          0.6001 2.297 0.0;
          0.6016 2.297 0.0;
          0.6032 2.296 0.0;
          0.6048 2.295 0.0;
          0.6064 2.294 0.0;
          0.608 2.294 0.0;
          0.6096 2.293 0.0;
          0.6112 2.292 0.0;
          0.6127 2.292 0.0;
          0.6143 2.291 0.0;
          0.6159 2.29 0.0;
          0.6175 2.289 0.0;
          0.6191 2.289 0.0;
          0.6207 2.288 0.0;
          0.6223 2.287 0.0;
          0.6238 2.287 0.0;
          0.6254 2.286 0.0;
          0.627 2.285 0.0;
          0.6286 2.285 0.0;
          0.6302 2.284 0.0;
          0.6318 2.283 0.0;
          0.6334 2.283 0.0;
          0.6349 2.282 0.0;
          0.6365 2.282 0.0;
          0.6381 2.281 0.0;
          0.6397 2.28 0.0;
          0.6413 2.28 0.0;
          0.6429 2.279 0.0;
          0.6444 2.279 0.0;
          0.646 2.278 0.0;
          0.6476 2.277 0.0;
          0.6492 2.277 0.0;
          0.6508 2.276 0.0;
          0.6524 2.276 0.0;
          0.6539 2.275 0.0;
          0.6555 2.275 0.0;
          0.6571 2.274 0.0;
          0.6587 2.273 0.0;
          0.6603 2.273 0.0;
          0.6619 2.272 0.0;
          0.6634 2.272 0.0;
          0.665 2.271 0.0;
          0.6666 2.271 0.0;
          0.6682 2.27 0.0;
          0.6698 2.27 0.0;
          0.6714 2.269 0.0;
          0.6729 2.269 0.0;
          0.6745 2.268 0.0;
          0.6761 2.268 0.0;
          0.6777 2.267 0.0;
          0.6793 2.267 0.0;
          0.6809 2.266 0.0;
          0.6824 2.266 0.0;
          0.684 2.265 0.0;
          0.6856 2.265 0.0;
          0.6872 2.264 0.0;
          0.6888 2.264 0.0;
          0.6903 2.263 0.0;
          0.6919 2.263 0.0;
          0.6935 2.262 0.0;
          0.6951 2.262 0.0;
          0.6967 2.262 0.0;
          0.6983 2.261 0.0;
          0.6998 2.261 0.0;
          0.7014 2.26 0.0;
          0.703 2.26 0.0;
          0.7046 2.259 0.0;
          0.7062 2.259 0.0;
          0.7077 2.259 0.0;
          0.7093 2.258 0.0;
          0.7109 2.258 0.0;
          0.7125 2.257 0.0;
          0.7141 2.257 0.0;
          0.7156 2.256 0.0;
          0.7172 2.256 0.0;
          0.7188 2.256 0.0;
          0.7204 2.255 0.0;
          0.722 2.255 0.0;
          0.7235 2.254 0.0;
          0.7251 2.254 0.0;
          0.7267 2.254 0.0;
          0.7283 2.253 0.0;
          0.7299 2.253 0.0;
          0.7314 2.253 0.0;
          0.733 2.252 0.0;
          0.7346 2.252 0.0;
          0.7362 2.251 0.0;
          0.7378 2.251 0.0;
          0.7393 2.251 0.0;
          0.7409 2.25 0.0;
          0.7425 2.25 0.0;
          0.7441 2.25 0.0;
          0.7456 2.249 0.0;
          0.7472 2.249 0.0;
          0.7488 2.249 0.0;
          0.7504 2.248 0.0;
          0.752 2.248 0.0;
          0.7535 2.248 0.0;
          0.7551 2.247 0.0;
          0.7567 2.247 0.0;
          0.7583 2.247 0.0;
          0.7598 2.246 0.0;
          0.7614 2.246 0.0;
          0.763 2.246 0.0;
          0.7646 2.245 0.0;
          0.7661 2.245 0.0;
          0.7677 2.245 0.0;
          0.7693 2.244 0.0;
          0.7709 2.244 0.0;
          0.7725 2.244 0.0;
          0.774 2.243 0.0;
          0.7756 2.243 0.0;
          0.7772 2.243 0.0;
          0.7788 2.242 0.0;
          0.7803 2.242 0.0;
          0.7819 2.242 0.0;
          0.7835 2.241 0.0;
          0.7851 2.241 0.0;
          0.7866 2.241 0.0;
          0.7882 2.241 0.0;
          0.7898 2.24 0.0;
          0.7914 2.24 0.0;
          0.7929 2.24 0.0;
          0.7945 2.239 0.0;
          0.7961 2.239 0.0;
          0.7976 2.239 0.0;
          0.7992 2.239 0.0;
          0.8008 2.238 0.0;
          0.8024 2.238 0.0;
          0.8039 2.238 0.0;
          0.8055 2.238 0.0;
          0.8071 2.237 0.0;
          0.8087 2.237 0.0;
          0.8102 2.237 0.0;
          0.8118 2.236 0.0;
          0.8134 2.236 0.0;
          0.815 2.236 0.0;
          0.8165 2.236 0.0;
          0.8181 2.235 0.0;
          0.8197 2.235 0.0;
          0.8212 2.235 0.0;
          0.8228 2.235 0.0;
          0.8244 2.234 0.0;
          0.826 2.234 0.0;
          0.8275 2.234 0.0;
          0.8291 2.234 0.0;
          0.8307 2.233 0.0;
          0.8322 2.233 0.0;
          0.8338 2.233 0.0;
          0.8354 2.233 0.0;
          0.837 2.232 0.0;
          0.8385 2.232 0.0;
          0.8401 2.232 0.0;
          0.8417 2.232 0.0;
          0.8432 2.232 0.0;
          0.8448 2.231 0.0;
          0.8464 2.231 0.0;
          0.8479 2.231 0.0;
          0.8495 2.231 0.0;
          0.8511 2.23 0.0;
          0.8526 2.23 0.0;
          0.8542 2.23 0.0;
          0.8558 2.23 0.0;
          0.8574 2.23 0.0;
          0.8589 2.229 0.0;
          0.8605 2.229 0.0;
          0.8621 2.229 0.0;
          0.8636 2.229 0.0;
          0.8652 2.228 0.0;
          0.8668 2.228 0.0;
          0.8683 2.228 0.0;
          0.8699 2.228 0.0;
          0.8715 2.228 0.0;
          0.873 2.227 0.0;
          0.8746 2.227 0.0;
          0.8762 2.227 0.0;
          0.8777 2.227 0.0;
          0.8793 2.227 0.0;
          0.8809 2.226 0.0;
          0.8824 2.226 0.0;
          0.884 2.226 0.0;
          0.8856 2.226 0.0;
          0.8871 2.226 0.0;
          0.8887 2.225 0.0;
          0.8903 2.225 0.0;
          0.8918 2.225 0.0;
          0.8934 2.225 0.0;
          0.8949 2.225 0.0;
          0.8965 2.224 0.0;
          0.8981 2.224 0.0;
          0.8996 2.224 0.0;
