          0.414 4.107 2.362;
          0.4147 4.133 2.354;
          0.4154 4.16 2.342;
          0.4161 4.181 2.33;
          0.4168 4.206 2.325;
          0.4175 4.228 2.325;
          0.4182 4.245 2.317;
          0.4189 4.257 2.311;
          0.4196 4.267 2.306;
          0.4203 4.276 2.301;
          0.4211 4.286 2.295;
          0.4218 4.296 2.289;
          0.4225 4.305 2.272;
          0.4232 4.313 2.255;
          0.4239 4.322 2.239;
          0.4247 4.331 2.227;
          0.4254 4.34 2.219;
          0.4261 4.345 2.204;
          0.4269 4.348 2.184;
          0.4276 4.347 2.16;
          0.4283 4.345 2.141;
          0.4291 4.345 2.118;
          0.4298 4.346 2.108;
          0.4306 4.345 2.101;
          0.4313 4.341 2.092;
          0.4321 4.336 2.082;
          0.4328 4.334 2.072;
          0.4336 4.335 2.059;
          0.4343 4.341 2.053;
          0.4351 4.346 2.05;
          0.4359 4.348 2.049;
          0.4366 4.348 2.049;
          0.4374 4.348 2.049;
          0.4382 4.347 2.049;
          0.4389 4.35 2.048;
          0.4397 4.36 2.043;
          0.4405 4.365 2.041;
          0.4413 4.367 2.043;
          0.4421 4.371 2.053;
          0.4429 4.392 2.052;
          0.4436 4.414 2.042;
          0.4444 4.435 2.037;
          0.4452 4.474 2.031;
          0.446 4.509 2.026;
          0.4468 4.531 2.02;
          0.4477 4.555 2.022;
          0.4485 4.579 2.024;
          0.4493 4.605 2.031;
          0.4501 4.625 2.038;
          0.4509 4.643 2.044;
          0.4517 4.66 2.048;
          0.4526 4.68 2.05;
          0.4534 4.696 2.055;
          0.4542 4.719 2.06;
          0.455 4.746 2.067;
          0.4559 4.773 2.08;
          0.4567 4.809 2.09;
          0.4576 4.849 2.099;
          0.4584 4.889 2.106;
          0.4593 4.927 2.108;
          0.4601 4.965 2.103;
          0.461 4.997 2.08;
          0.4618 5.019 2.034;
          0.4627 5.032 1.985;
          0.4636 5.046 1.943;
          0.4644 5.056 1.891;
          0.4653 5.061 1.837;
          0.4662 5.072 1.79;
          0.467 5.081 1.746;
          0.4679 5.1 1.713;
          0.4688 5.11 1.681;
          0.4697 5.121 1.652;
          0.4706 5.128 1.626;
          0.4715 5.128 1.594;
          0.4724 5.126 1.554;
          0.4733 5.124 1.509;
          0.4742 5.124 1.464;
          0.4751 5.126 1.418;
          0.476 5.125 1.373;
          0.4769 5.117 1.338;
          0.4778 5.099 1.31;
          0.4788 5.083 1.286;
          0.4797 5.068 1.267;
          0.4806 5.052 1.246;
          0.4816 5.039 1.221;
          0.4825 5.033 1.196;
          0.4834 5.023 1.177;
          0.4844 5.015 1.158;
          0.4853 4.998 1.141;
          0.4863 4.982 1.129;
          0.4872 4.964 1.114;
          0.4882 4.946 1.102;
          0.4892 4.933 1.089;
          0.4901 4.937 1.073;
          0.4911 4.945 1.056;
          0.4921 4.928 1.039;
          0.493 4.903 1.022;
          0.494 4.873 1.001;
          0.495 4.85 0.9817;
          0.496 4.829 0.962;
          0.497 4.812 0.9386;
          0.498 4.798 0.9223;
          0.499 4.785 0.9105;
          0.5 4.772 0.901;
          0.501 4.764 0.8915;
          0.502 4.76 0.8865;
          0.503 4.757 0.8858;
          0.5041 4.746 0.8879;
          0.5051 4.739 0.8892;
          0.5061 4.73 0.8933;
          0.5072 4.725 0.8984;
          0.5082 4.715 0.9044;
          0.5092 4.708 0.9104;
          0.5103 4.713 0.9097;
          0.5113 4.729 0.9064;
          0.5124 4.746 0.9055;
          0.5135 4.763 0.906;
          0.5145 4.781 0.9127;
          0.5156 4.796 0.9134;
          0.5167 4.811 0.9104;
          0.5177 4.823 0.908;
          0.5188 4.826 0.9076;
          0.5199 4.828 0.9071;
          0.521 4.835 0.9036;
          0.5221 4.84 0.8924;
          0.5232 4.841 0.87;
          0.5243 4.838 0.8525;
          0.5254 4.843 0.8246;
          0.5265 4.85 0.7973;
          0.5277 4.861 0.7709;
          0.5288 4.865 0.7516;
          0.5299 4.862 0.734;
          0.531 4.859 0.7172;
          0.5322 4.855 0.7038;
          0.5333 4.844 0.6944;
          0.5345 4.83 0.6811;
          0.5356 4.816 0.6671;
          0.5368 4.803 0.6534;
          0.538 4.79 0.6374;
          0.5391 4.771 0.6182;
          0.5403 4.75 0.6002;
          0.5415 4.726 0.5805;
          0.5427 4.705 0.5555;
          0.5439 4.688 0.5329;
          0.5451 4.685 0.5111;
          0.5463 4.676 0.4951;
          0.5475 4.664 0.4788;
          0.5487 4.651 0.4682;
          0.5499 4.638 0.4585;
          0.5511 4.625 0.4523;
          0.5523 4.614 0.4536;
          0.5536 4.603 0.4498;
          0.5548 4.593 0.4412;
          0.5561 4.583 0.4309;
          0.5573 4.573 0.426;
          0.5586 4.559 0.4181;
          0.5598 4.542 0.4191;
          0.5611 4.519 0.418;
          0.5624 4.498 0.4158;
          0.5636 4.479 0.404;
          0.5649 4.464 0.4024;
          0.5662 4.451 0.404;
          0.5675 4.439 0.4052;
          0.5688 4.427 0.4063;
          0.5701 4.416 0.4074;
          0.5714 4.404 0.4086;
          0.5727 4.392 0.4098;
          0.5741 4.381 0.411;
          0.5754 4.369 0.4122;
          0.5767 4.357 0.4134;
          0.5781 4.345 0.4146;
          0.5794 4.333 0.4159;
          0.5808 4.322 0.4171;
          0.5822 4.31 0.4183;
          0.5835 4.301 0.4193;
          0.5849 4.298 0.4196;
          0.5863 4.298 0.4196;
          0.5877 4.295 0.4199;
          0.5891 4.285 0.421;
          0.5905 4.278 0.4217;
          0.5919 4.264 0.4231;
          0.5933 4.247 0.4266;
          0.5947 4.228 0.4324;
          0.5962 4.204 0.443;
          0.5976 4.184 0.4551;
          0.599 4.165 0.46;
          0.6005 4.15 0.4683;
          0.6019 4.139 0.4808;
          0.6034 4.127 0.4849;
          0.6049 4.115 0.4892;
          0.6064 4.104 0.5037;
          0.6078 4.101 0.5202;
          0.6093 4.104 0.5423;
          0.6108 4.099 0.5736;
          0.6123 4.105 0.5932;
          0.6139 4.09 0.6427;
          0.6154 4.085 0.6855;
          0.6169 4.086 0.7195;
          0.6185 4.091 0.7616;
          0.62 4.105 0.8151;
          0.6216 4.158 0.8542;
          0.6231 4.233 0.8872;
          0.6247 4.386 0.9137;
          0.6263 4.558 0.9241;
          0.6278 4.66 0.9429;
          0.6294 4.782 0.9636;
          0.631 4.935 0.9676;
          0.6327 5.039 0.9759;
          0.6343 5.087 1.006;
          0.6359 5.108 1.025;
          0.6375 5.081 0.993;
          0.6392 5.044 0.9364;
          0.6408 5.007 0.8453;
          0.6425 4.964 0.7389;
          0.6442 4.919 0.6438;
          0.6458 4.88 0.547;
          0.6475 4.846 0.4441;
          0.6492 4.811 0.3579;
          0.6509 4.783 0.306;
          0.6526 4.759 0.2731;
          0.6544 4.736 0.2589;
          0.6561 4.714 0.2491;
          0.6578 4.691 0.2371;
          0.6596 4.668 0.2194;
          0.6613 4.644 0.1982;
          0.6631 4.621 0.1768;
          0.6649 4.597 0.1552;
          0.6667 4.58 0.1331;
          0.6685 4.565 0.1108;
          0.6703 4.556 0.09087;
          0.6721 4.544 0.07438;
          0.6739 4.532 0.06312;
          0.6757 4.521 0.05977;
          0.6776 4.509 0.05922;
          0.6795 4.495 0.05059;
          0.6813 4.478 0.03933;
          0.6832 4.46 0.03969;
          0.6851 4.436 0.04008;
          0.687 4.416 0.04041;
          0.6889 4.398 0.03533;
          0.6908 4.383 0.02752;
          0.6927 4.377 0.01915;
          0.6947 4.377 0.01645;
          0.6966 4.377 0.01637;
          0.6986 4.369 0.01647;
          0.7006 4.356 0.01688;
          0.7025 4.343 0.01184;
          0.7045 4.33 0.0055;
          0.7066 4.319 0.001713;
          0.7086 4.308 0.0004486;
          0.7106 4.297 0.0005342;
          0.7126 4.284 0.000633;
          0.7147 4.271 0.0007391;
          0.7168 4.257 0.0008432;
          0.7188 4.246 0.0009373;
          0.7209 4.235 0.001025;
          0.723 4.223 0.001116;
          0.7251 4.211 0.001219;
          0.7273 4.199 0.001314;
          0.7294 4.192 0.001374;
          0.7316 4.189 0.001396;
          0.7337 4.185 0.001432;
          0.7359 4.172 0.001536;
          0.7381 4.163 0.001613;
          0.7403 4.152 0.001699;
          0.7425 4.146 0.001756;
          0.7447 4.143 0.001779;
          0.747 4.139 0.001808;
          0.7492 4.132 0.001873;
          0.7515 4.119 0.001979;
          0.7538 4.108 0.002076;
          0.7561 4.099 0.002148;
          0.7584 4.093 0.002202;
          0.7607 4.093 0.002202;
          0.7631 4.093 0.002202;
          0.7654 4.093 0.002204;
          0.7678 4.08 0.002314;
          0.7702 4.07 0.002402;
          0.7726 4.07 0.002405;
          0.775 4.069 0.002409;
          0.7774 4.061 0.00248;
          0.7799 4.052 0.00256;
          0.7823 4.049 0.002586;
          0.7848 4.046 0.00261;
          0.7873 4.031 0.002746;
          0.7898 4.028 0.002768;
          0.7923 4.025 0.002797;
          0.7949 4.025 0.002797;
          0.7974 4.025 0.002798;
          0.8 4.023 0.003135;
          0.8026 4.019 -0.0001388;
          0.8052 4.006 -3.157e-05;
          0.8078 4.001 1.221e-05;
          0.8105 4.001 1.068e-05;
          0.8131 4.001 1.12e-05;
          0.8158 3.998 3.582e-05;
          0.8185 3.989 0.000111;
          0.8212 3.98 0.0001855;
          0.8239 3.977 0.0002102;
          0.8267 3.977 0.0002107;
