          0.414 3.441 3.011;
          0.4147 3.459 3.014;
          0.4154 3.474 3.019;
          0.4161 3.497 3.021;
          0.4168 3.521 3.022;
          0.4175 3.543 3.018;
          0.4182 3.569 3.013;
          0.4189 3.589 3.012;
          0.4196 3.608 3.009;
          0.4203 3.627 3.006;
          0.4211 3.648 3.003;
          0.4218 3.668 3.002;
          0.4225 3.687 3.003;
          0.4232 3.707 2.999;
          0.4239 3.725 2.997;
          0.4247 3.742 2.993;
          0.4254 3.754 2.983;
          0.4261 3.766 2.98;
          0.4269 3.784 2.981;
          0.4276 3.799 2.973;
          0.4283 3.81 2.964;
          0.4291 3.823 2.954;
          0.4298 3.83 2.949;
          0.4306 3.837 2.945;
          0.4313 3.849 2.946;
          0.4321 3.866 2.944;
          0.4328 3.882 2.937;
          0.4336 3.895 2.93;
          0.4343 3.912 2.926;
          0.4351 3.93 2.922;
          0.4359 3.945 2.916;
          0.4366 3.959 2.909;
          0.4374 3.982 2.909;
          0.4382 4.001 2.908;
          0.4389 4.02 2.907;
          0.4397 4.041 2.899;
          0.4405 4.057 2.889;
          0.4413 4.069 2.88;
          0.4421 4.08 2.872;
          0.4429 4.088 2.867;
          0.4436 4.099 2.859;
          0.4444 4.111 2.851;
          0.4452 4.124 2.842;
          0.446 4.136 2.834;
          0.4468 4.145 2.828;
          0.4477 4.149 2.824;
          0.4485 4.158 2.819;
          0.4493 4.169 2.811;
          0.4501 4.181 2.803;
          0.4509 4.195 2.793;
          0.4517 4.203 2.78;
          0.4526 4.212 2.763;
          0.4534 4.223 2.753;
          0.4542 4.239 2.742;
          0.455 4.257 2.731;
          0.4559 4.274 2.72;
          0.4567 4.291 2.709;
          0.4576 4.303 2.7;
          0.4584 4.31 2.683;
          0.4593 4.315 2.672;
          0.4601 4.324 2.667;
          0.461 4.333 2.661;
          0.4618 4.341 2.654;
          0.4627 4.347 2.644;
          0.4636 4.352 2.631;
          0.4644 4.356 2.625;
          0.4653 4.362 2.619;
          0.4662 4.369 2.615;
          0.467 4.375 2.611;
          0.4679 4.384 2.606;
          0.4688 4.393 2.6;
          0.4697 4.401 2.593;
          0.4706 4.406 2.582;
          0.4715 4.408 2.569;
          0.4724 4.41 2.566;
          0.4733 4.411 2.566;
          0.4742 4.419 2.561;
          0.4751 4.427 2.554;
          0.476 4.431 2.542;
          0.4769 4.436 2.533;
          0.4778 4.444 2.525;
          0.4788 4.454 2.52;
          0.4797 4.464 2.514;
          0.4806 4.465 2.51;
          0.4816 4.463 2.499;
          0.4825 4.464 2.493;
          0.4834 4.472 2.488;
          0.4844 4.483 2.482;
          0.4853 4.496 2.475;
          0.4863 4.506 2.467;
          0.4872 4.514 2.458;
          0.4882 4.523 2.442;
          0.4892 4.534 2.433;
          0.4901 4.547 2.424;
          0.4911 4.56 2.417;
          0.4921 4.568 2.411;
          0.493 4.574 2.4;
          0.494 4.583 2.386;
          0.495 4.594 2.376;
          0.496 4.606 2.367;
          0.497 4.617 2.355;
          0.498 4.622 2.344;
          0.499 4.631 2.336;
          0.5 4.638 2.331;
          0.501 4.643 2.318;
          0.502 4.649 2.307;
          0.503 4.658 2.303;
          0.5041 4.664 2.293;
          0.5051 4.67 2.282;
          0.5061 4.673 2.272;
          0.5072 4.677 2.262;
          0.5082 4.681 2.251;
          0.5092 4.686 2.245;
          0.5103 4.697 2.238;
          0.5113 4.709 2.227;
          0.5124 4.719 2.211;
          0.5135 4.729 2.195;
          0.5145 4.74 2.183;
          0.5156 4.752 2.173;
          0.5167 4.763 2.165;
          0.5177 4.775 2.153;
          0.5188 4.779 2.14;
          0.5199 4.784 2.127;
          0.521 4.79 2.116;
          0.5221 4.799 2.111;
          0.5232 4.806 2.102;
          0.5243 4.812 2.09;
          0.5254 4.817 2.078;
          0.5265 4.823 2.064;
          0.5277 4.83 2.056;
          0.5288 4.832 2.044;
          0.5299 4.84 2.035;
          0.531 4.852 2.03;
          0.5322 4.864 2.025;
          0.5333 4.871 2.015;
          0.5345 4.877 2.003;
          0.5356 4.882 1.99;
          0.5368 4.888 1.977;
          0.538 4.893 1.964;
          0.5391 4.897 1.948;
          0.5403 4.901 1.93;
          0.5415 4.905 1.914;
          0.5427 4.909 1.896;
          0.5439 4.912 1.882;
          0.5451 4.911 1.874;
          0.5463 4.91 1.864;
          0.5475 4.915 1.85;
          0.5487 4.92 1.836;
          0.5499 4.926 1.822;
          0.5511 4.936 1.805;
          0.5523 4.95 1.784;
          0.5536 4.963 1.764;
          0.5548 4.974 1.745;
          0.5561 4.978 1.734;
          0.5573 4.977 1.728;
          0.5586 4.977 1.72;
          0.5598 4.979 1.711;
          0.5611 4.986 1.698;
          0.5624 4.992 1.686;
          0.5636 4.997 1.671;
          0.5649 4.996 1.655;
          0.5662 4.991 1.643;
          0.5675 4.992 1.624;
          0.5688 4.997 1.608;
          0.5701 4.994 1.594;
          0.5714 4.99 1.579;
          0.5727 4.985 1.564;
          0.5741 4.98 1.549;
          0.5754 4.976 1.536;
          0.5767 4.972 1.522;
          0.5781 4.968 1.508;
          0.5794 4.965 1.498;
          0.5808 4.962 1.489;
          0.5822 4.959 1.479;
          0.5835 4.956 1.469;
          0.5849 4.949 1.462;
          0.5863 4.941 1.458;
          0.5877 4.932 1.452;
          0.5891 4.928 1.445;
          0.5905 4.925 1.435;
          0.5919 4.922 1.426;
          0.5933 4.919 1.416;
          0.5947 4.916 1.406;
          0.5962 4.913 1.396;
          0.5976 4.911 1.386;
          0.599 4.906 1.377;
          0.6005 4.896 1.369;
          0.6019 4.884 1.362;
          0.6034 4.879 1.352;
          0.6049 4.877 1.342;
          0.6064 4.874 1.333;
          0.6078 4.871 1.323;
          0.6093 4.868 1.313;
          0.6108 4.863 1.303;
          0.6123 4.866 1.3;
          0.6139 4.842 1.286;
          0.6154 4.841 1.282;
          0.6169 4.839 1.274;
          0.6185 4.831 1.273;
          0.62 4.822 1.273;
          0.6216 4.818 1.271;
          0.6231 4.816 1.261;
          0.6247 4.813 1.251;
          0.6263 4.811 1.241;
          0.6278 4.808 1.231;
          0.6294 4.803 1.221;
          0.631 4.794 1.221;
          0.6327 4.786 1.221;
          0.6343 4.783 1.213;
          0.6359 4.779 1.206;
          0.6375 4.779 1.203;
          0.6392 4.774 1.204;
          0.6408 4.767 1.206;
          0.6425 4.759 1.204;
          0.6442 4.755 1.197;
          0.6458 4.753 1.19;
          0.6475 4.752 1.187;
          0.6492 4.752 1.185;
          0.6509 4.75 1.177;
          0.6526 4.745 1.169;
          0.6544 4.74 1.17;
          0.6561 4.731 1.173;
          0.6578 4.727 1.166;
          0.6596 4.723 1.158;
          0.6613 4.718 1.16;
          0.6631 4.713 1.178;
          0.6649 4.713 1.189;
          0.6667 4.716 1.199;
          0.6685 4.718 1.21;
          0.6703 4.721 1.22;
          0.6721 4.723 1.23;
          0.6739 4.736 1.238;
          0.6757 4.755 1.244;
          0.6776 4.778 1.249;
          0.6795 4.81 1.252;
          0.6813 4.843 1.254;
          0.6832 4.87 1.258;
          0.6851 4.906 1.259;
          0.687 4.938 1.261;
          0.6889 4.965 1.26;
          0.6908 4.988 1.256;
          0.6927 4.999 1.254;
          0.6947 5.008 1.252;
          0.6966 5.015 1.248;
          0.6986 5.02 1.236;
          0.7006 5.025 1.215;
          0.7025 5.029 1.187;
          0.7045 5.03 1.156;
          0.7066 5.024 1.121;
          0.7086 5.018 1.092;
          0.7106 5.01 1.057;
          0.7126 5.004 1.027;
          0.7147 4.999 1.001;
          0.7168 4.995 0.9828;
          0.7188 4.993 0.9705;
          0.7209 4.987 0.9586;
          0.723 4.978 0.9499;
          0.7251 4.968 0.9412;
          0.7273 4.964 0.9315;
          0.7294 4.959 0.9163;
          0.7316 4.946 0.902;
          0.7337 4.932 0.8837;
          0.7359 4.918 0.8666;
          0.7381 4.911 0.8496;
          0.7403 4.908 0.8323;
          0.7425 4.904 0.82;
          0.7447 4.897 0.808;
          0.747 4.885 0.7992;
          0.7492 4.873 0.7935;
          0.7515 4.857 0.7964;
          0.7538 4.84 0.7941;
          0.7561 4.817 0.7869;
          0.7584 4.798 0.7932;
          0.7607 4.784 0.8064;
          0.7631 4.771 0.8196;
          0.7654 4.762 0.8321;
          0.7678 4.753 0.846;
          0.7702 4.748 0.8614;
          0.7726 4.751 0.8835;
          0.775 4.757 0.9152;
          0.7774 4.762 0.9418;
          0.7799 4.767 0.9666;
          0.7823 4.773 0.9958;
          0.7848 4.785 1.015;
          0.7873 4.81 1.026;
          0.7898 4.834 1.038;
          0.7923 4.867 1.05;
          0.7949 4.903 1.069;
          0.7974 4.977 1.079;
          0.8 5.072 1.084;
          0.8026 5.135 1.1;
          0.8052 5.191 1.103;
          0.8078 5.283 1.051;
          0.8105 5.358 0.9812;
          0.8131 5.401 0.9031;
          0.8158 5.446 0.8327;
          0.8185 5.472 0.7559;
          0.8212 5.492 0.6867;
          0.8239 5.491 0.6356;
          0.8267 5.462 0.5932;
